     9000	2020-08-23 11:48:13	1	0	4	0
     9000	2020-08-23 11:51:40	1	0	4	0
     9000	2020-08-23 11:52:08	1	0	4	0
     9000	2020-08-23 11:52:24	1	0	4	0
    34601	2020-08-23 12:02:05	1	0	15	0
    34601	2020-08-23 12:02:08	1	0	15	0
    34101	2020-08-23 12:02:31	1	0	15	0
    34101	2020-08-23 12:02:33	1	0	15	0
    34101	2020-08-23 12:02:50	1	0	15	0
    34601	2020-08-23 12:03:12	1	0	15	0
    34601	2020-08-23 12:03:14	1	0	15	0
    34601	2020-08-23 13:32:07	1	0	15	0
    34601	2020-08-23 13:32:13	1	0	15	0
    34601	2020-08-23 13:32:16	1	0	15	0
    34602	2020-08-23 13:32:30	1	0	15	0
    34602	2020-08-23 13:32:32	1	0	15	0
    34601	2020-08-23 13:32:45	1	0	15	0
    34601	2020-08-23 13:34:53	1	0	15	0
    34601	2020-08-23 13:34:55	1	0	15	0
    34601	2020-08-23 13:35:10	1	0	15	0
    34601	2020-08-23 13:51:39	1	0	15	0
    34601	2020-08-23 13:51:45	1	0	15	0
    34601	2020-08-23 13:51:46	1	0	15	0
    34602	2020-08-23 13:55:36	1	0	15	0
    34602	2020-08-23 13:55:38	1	0	15	0
    34601	2020-08-23 16:47:32	1	0	15	0
    34601	2020-08-23 17:04:18	1	0	15	0
     9010	2020-08-23 17:08:24	1	0	4	0
    34601	2020-08-23 17:12:29	1	0	15	0
    34601	2020-08-23 17:12:31	1	0	15	0
    34301	2020-08-23 17:12:39	1	0	15	0
    34401	2020-08-23 17:14:16	1	0	15	0
    34602	2020-08-23 17:15:17	1	0	15	0
    34101	2020-08-23 17:16:31	1	0	15	0
    34101	2020-08-23 17:17:03	1	0	15	0
    34101	2020-08-23 17:17:04	1	0	15	0
    34101	2020-08-23 17:17:12	1	0	15	0
    34101	2020-08-23 17:17:19	1	0	15	0
    34101	2020-08-23 17:17:21	1	0	15	0
    34601	2020-08-23 17:17:25	1	0	15	0
    34401	2020-08-23 17:19:39	1	0	15	0
    34501	2020-08-23 17:20:32	1	0	15	0
    34601	2020-08-23 17:22:26	1	0	15	0
    34601	2020-08-23 17:22:30	1	0	15	0
    34101	2020-08-23 17:23:28	1	0	15	0
    34601	2020-08-23 17:26:00	1	0	15	0
    34601	2020-08-23 17:26:02	1	0	15	0
    34401	2020-08-23 17:27:50	1	0	15	0
    34401	2020-08-23 17:27:52	1	0	15	0
    34401	2020-08-23 17:27:58	1	0	15	0
    34501	2020-08-23 17:28:12	1	0	15	0
    34601	2020-08-23 17:37:18	1	0	15	0
    34601	2020-08-23 17:37:20	1	0	15	0
    34501	2020-08-23 17:37:33	1	0	15	0
    34501	2020-08-23 17:37:35	1	0	15	0
    34602	2020-08-24 08:12:47	1	0	15	0
    34602	2020-08-24 08:12:51	1	0	15	0
    34301	2020-08-24 08:19:09	1	0	15	0
    34301	2020-08-24 08:19:11	1	0	15	0
    34101	2020-08-24 08:32:37	1	0	15	0
    34601	2020-08-24 08:45:12	1	0	15	0
    34601	2020-08-24 08:45:14	1	0	15	0
    34401	2020-08-24 09:05:25	1	0	15	0
    34401	2020-08-24 09:05:27	1	0	15	0
    34501	2020-08-24 09:09:28	1	0	15	0
    34602	2020-08-24 17:00:35	1	0	15	0
    34601	2020-08-24 17:00:42	1	0	15	0
    34501	2020-08-24 17:06:47	1	0	15	0
    34501	2020-08-24 17:06:49	1	0	15	0
    34501	2020-08-24 17:08:07	1	0	15	0
    34501	2020-08-24 17:08:09	1	0	15	0
    34501	2020-08-24 17:08:13	1	0	15	0
    34501	2020-08-24 17:08:15	1	0	15	0
    34501	2020-08-24 17:08:18	1	0	15	0
    34501	2020-08-24 17:08:20	1	0	15	0
    34501	2020-08-24 17:08:23	1	0	15	0
    34101	2020-08-24 17:31:11	1	0	15	0
    34401	2020-08-24 17:35:30	1	0	15	0
    34401	2020-08-24 17:35:32	1	0	15	0
    34301	2020-08-24 18:11:58	1	0	15	0
    34301	2020-08-24 18:12:00	1	0	15	0
    34602	2020-08-25 07:52:58	1	0	15	0
    34101	2020-08-25 08:31:21	1	0	15	0
    34601	2020-08-25 08:34:37	1	0	15	0
    34601	2020-08-25 08:34:39	1	0	15	0
    34401	2020-08-25 08:55:17	1	0	15	0
    34501	2020-08-25 09:18:19	1	0	15	0
    34501	2020-08-25 09:18:21	1	0	15	0
    34501	2020-08-25 09:18:42	1	0	15	0
    34601	2020-08-25 17:02:57	1	0	15	0
    34601	2020-08-25 17:02:59	1	0	15	0
    34101	2020-08-25 17:06:57	1	0	15	0
    34401	2020-08-25 17:07:13	1	0	15	0
    34501	2020-08-25 17:07:41	1	0	15	0
    34601	2020-08-25 17:08:35	1	0	15	0
    34602	2020-08-25 17:23:32	1	0	15	0
    34602	2020-08-26 07:43:04	1	0	15	0
    34602	2020-08-26 07:43:06	1	0	15	0
    34301	2020-08-26 08:36:26	1	0	15	0
    34301	2020-08-26 08:36:28	1	0	15	0
    34401	2020-08-26 08:54:18	1	0	15	0
    34601	2020-08-26 08:54:45	1	0	15	0
    34601	2020-08-26 08:54:50	1	0	15	0
    34101	2020-08-26 08:59:20	1	0	15	0
    34601	2020-08-26 15:00:55	1	0	15	0
    34601	2020-08-26 15:00:57	1	0	15	0
    34301	2020-08-26 16:29:59	1	0	15	0
    34602	2020-08-26 17:00:28	1	0	15	0
    34101	2020-08-26 17:09:37	1	0	15	0
    34401	2020-08-26 17:09:52	1	0	15	0
    34401	2020-08-26 17:09:54	1	0	15	0
    34602	2020-08-27 07:57:39	1	0	15	0
    34301	2020-08-27 08:51:47	1	0	15	0
    34401	2020-08-27 09:00:14	1	0	15	0
    34601	2020-08-27 09:00:20	1	0	15	0
    34501	2020-08-27 09:11:42	1	0	15	0
    34501	2020-08-27 09:11:43	1	0	15	0
    34602	2020-08-27 17:01:18	1	0	15	0
    34601	2020-08-27 17:43:56	1	0	15	0
    34601	2020-08-27 17:43:58	1	0	15	0
    34501	2020-08-27 17:45:00	1	0	15	0
    34501	2020-08-27 17:45:03	1	0	15	0
    34501	2020-08-27 17:45:05	1	0	15	0
    34401	2020-08-27 17:55:11	1	0	15	0
    34301	2020-08-27 18:34:04	1	0	15	0
    34301	2020-08-27 18:34:07	1	0	15	0
    34301	2020-08-28 10:09:06	1	0	15	0
    34301	2020-08-28 10:09:08	1	0	15	0
    34301	2020-08-28 17:24:10	1	0	15	0
    34301	2020-08-28 17:24:12	1	0	15	0
    34602	2020-08-29 08:02:38	1	0	15	0
    34602	2020-08-29 08:02:40	1	0	15	0
    34501	2020-08-29 09:09:47	1	0	15	0
    34401	2020-08-29 09:30:03	1	0	15	0
    34602	2020-08-29 12:54:28	1	0	15	0
    34501	2020-08-29 16:21:05	1	1	15	0
    34401	2020-08-29 17:44:27	1	1	15	0
    34602	2020-08-30 07:38:10	1	1	15	0
    34602	2020-08-30 07:38:12	1	1	15	0
    34301	2020-08-30 08:10:02	1	1	15	0
    34601	2020-08-30 08:45:55	1	1	15	0
    34601	2020-08-30 08:45:57	1	1	15	0
    34101	2020-08-30 09:03:47	1	1	15	0
    34501	2020-08-30 09:09:56	1	1	15	0
    34501	2020-08-30 09:09:58	1	1	15	0
    34602	2020-08-30 17:01:43	1	1	15	0
    34601	2020-08-30 17:01:54	1	1	15	0
    34601	2020-08-30 17:01:56	1	1	15	0
    34101	2020-08-30 17:06:00	1	1	15	0
    34501	2020-08-30 17:48:57	1	1	15	0
    34501	2020-08-30 17:48:58	1	1	15	0
    34301	2020-08-30 18:05:59	1	1	15	0
    34602	2020-08-31 07:44:03	1	1	15	0
    34301	2020-08-31 08:44:03	1	1	15	0
    34301	2020-08-31 08:44:05	1	1	15	0
    34601	2020-08-31 08:51:09	1	1	15	0
    34601	2020-08-31 08:51:11	1	1	15	0
    34101	2020-08-31 08:59:39	1	1	15	0
    34501	2020-08-31 09:08:09	1	1	15	0
    34501	2020-08-31 09:08:11	1	1	15	0
    34602	2020-08-31 17:03:21	1	1	15	0
    34602	2020-08-31 17:03:23	1	1	15	0
    34601	2020-08-31 17:05:59	1	1	15	0
    34601	2020-08-31 17:06:01	1	1	15	0
    34101	2020-08-31 17:08:30	1	1	15	0
    34301	2020-08-31 17:34:47	1	1	15	0
    34301	2020-08-31 17:34:49	1	1	15	0
    34501	2020-08-31 17:38:20	1	1	15	0
    34602	2020-09-01 07:00:19	1	1	15	0
    34301	2020-09-01 08:26:30	1	1	15	0
    34301	2020-09-01 08:26:32	1	1	15	0
    34101	2020-09-01 08:43:35	1	1	15	0
    34601	2020-09-01 08:55:22	1	1	15	0
    34601	2020-09-01 08:55:24	1	1	15	0
    34401	2020-09-01 08:55:59	1	1	15	0
    34501	2020-09-01 09:12:36	1	1	15	0
    34501	2020-09-01 09:12:38	1	1	15	0
    34301	2020-09-01 16:52:30	1	1	15	0
    34602	2020-09-01 17:00:40	1	1	15	0
    34602	2020-09-01 17:00:42	1	1	15	0
    34601	2020-09-01 17:00:59	1	1	15	0
    34601	2020-09-01 17:01:02	1	1	15	0
    34501	2020-09-01 17:09:23	1	1	15	0
    34501	2020-09-01 17:09:25	1	1	15	0
    34401	2020-09-01 17:39:36	1	1	15	0
    34101	2020-09-01 17:40:33	1	1	15	0
    34101	2020-09-01 17:40:34	1	1	15	0
    34602	2020-09-02 07:51:56	1	1	15	0
    34101	2020-09-02 07:52:45	1	1	15	0
    34301	2020-09-02 08:23:31	1	1	15	0
    34601	2020-09-02 08:54:11	1	1	15	0
    34401	2020-09-02 08:54:48	1	1	15	0
    34501	2020-09-02 09:11:27	1	1	15	0
    34501	2020-09-02 09:11:30	1	1	15	0
    34301	2020-09-02 16:08:18	1	1	15	0
    34602	2020-09-02 17:02:33	1	1	15	0
    34601	2020-09-02 17:06:39	1	1	15	0
    34601	2020-09-02 17:06:41	1	1	15	0
    34101	2020-09-02 17:07:12	1	1	15	0
    34401	2020-09-02 17:11:02	1	1	15	0
    34401	2020-09-02 17:11:04	1	1	15	0
    34501	2020-09-02 17:11:40	1	0	15	0
    34501	2020-09-02 17:11:44	1	0	15	0
    34602	2020-09-03 07:44:15	1	0	15	0
    34602	2020-09-03 07:44:17	1	0	15	0
    34101	2020-09-03 07:57:22	1	0	15	0
    34601	2020-09-03 08:00:42	1	0	15	0
    34601	2020-09-03 08:00:45	1	0	15	0
    34501	2020-09-03 09:01:04	1	0	15	0
    34501	2020-09-03 09:01:06	1	0	15	0
    34101	2020-09-03 16:08:14	1	0	15	0
    34602	2020-09-03 17:00:07	1	0	15	0
    34601	2020-09-03 17:02:22	1	0	15	0
    34601	2020-09-03 17:02:25	1	0	15	0
    34501	2020-09-03 18:52:06	1	0	15	0
    34301	2020-09-04 10:16:57	1	0	15	0
    34301	2020-09-04 10:16:59	1	0	15	0
    34301	2020-09-04 18:08:46	1	0	15	0
    34602	2020-09-05 07:52:50	1	0	15	0
    34501	2020-09-05 09:12:58	1	0	15	0
    34501	2020-09-05 09:13:00	1	0	15	0
    34602	2020-09-05 13:17:39	1	0	15	0
    34602	2020-09-05 13:17:41	1	0	15	0
    34501	2020-09-05 16:31:19	1	0	15	0
    34602	2020-09-06 07:48:48	1	0	15	0
    34601	2020-09-06 07:56:43	1	0	15	0
    34301	2020-09-06 08:13:31	1	0	15	0
    34401	2020-09-06 08:15:02	1	0	15	0
    34501	2020-09-06 08:22:51	1	0	15	0
    34501	2020-09-06 08:22:53	1	0	15	0
    34601	2020-09-06 16:02:25	1	0	15	0
    34601	2020-09-06 16:02:27	1	0	15	0
    34601	2020-09-06 16:02:29	1	0	15	0
    34602	2020-09-06 17:02:02	1	0	15	0
    34501	2020-09-06 17:30:19	1	0	15	0
    34501	2020-09-06 17:30:21	1	0	15	0
    34501	2020-09-06 17:30:23	1	0	15	0
    34501	2020-09-06 17:30:26	1	0	15	0
    34501	2020-09-06 17:30:28	1	0	15	0
    34301	2020-09-06 17:43:18	1	0	15	0
    34301	2020-09-06 17:43:20	1	0	15	0
    34401	2020-09-06 17:44:20	1	0	15	0
    34602	2020-09-07 06:35:23	1	0	15	0
    34301	2020-09-07 08:13:21	1	0	15	0
    34501	2020-09-07 08:13:40	1	0	15	0
    34401	2020-09-07 08:13:50	1	0	15	0
    34401	2020-09-07 08:13:52	1	0	15	0
    34601	2020-09-07 08:13:58	1	0	15	0
    34601	2020-09-07 16:02:04	1	0	15	0
    34501	2020-09-07 16:07:24	1	0	15	0
    34501	2020-09-07 16:07:26	1	0	15	0
    34501	2020-09-07 16:07:28	1	0	15	0
    34501	2020-09-07 16:07:30	1	0	15	0
    34401	2020-09-07 17:14:13	1	0	15	0
    34301	2020-09-07 18:09:13	1	0	15	0
    34301	2020-09-07 18:09:20	1	0	15	0
    34602	2020-09-07 18:38:43	1	0	15	0
    34602	2020-09-07 18:38:46	1	0	15	0
    34602	2020-09-08 07:12:53	1	0	15	0
    34601	2020-09-08 07:55:47	1	0	15	0
    34601	2020-09-08 07:55:49	1	0	15	0
    34401	2020-09-08 08:13:51	1	0	15	0
    34501	2020-09-08 08:14:00	1	0	15	0
    34501	2020-09-08 08:14:04	1	0	15	0
    34601	2020-09-08 16:01:55	1	0	15	0
    34601	2020-09-08 16:01:57	1	0	15	0
    34602	2020-09-08 17:04:00	1	0	15	0
    34602	2020-09-08 17:04:01	1	0	15	0
    34401	2020-09-08 17:13:18	1	0	15	0
    34401	2020-09-08 17:13:19	1	0	15	0
    34501	2020-09-08 17:13:34	1	0	15	0
    34501	2020-09-08 17:13:39	1	0	15	0
    34501	2020-09-08 17:13:41	1	0	15	0
    34602	2020-09-09 07:19:35	1	0	15	0
    34601	2020-09-09 07:54:44	1	0	15	0
    34601	2020-09-09 07:54:47	1	0	15	0
    34401	2020-09-09 08:14:44	1	0	15	0
    34501	2020-09-09 08:17:17	1	0	15	0
    34301	2020-09-09 08:17:47	1	0	15	0
    34301	2020-09-09 08:17:58	1	0	15	0
    34601	2020-09-09 16:01:47	1	0	15	0
    34601	2020-09-09 16:01:50	1	0	15	0
    34501	2020-09-09 16:03:04	1	0	15	0
    34501	2020-09-09 16:03:06	1	0	15	0
    34501	2020-09-09 16:03:08	1	0	15	0
    34602	2020-09-09 17:00:10	1	0	15	0
    34301	2020-09-09 17:05:55	1	0	15	0
    34301	2020-09-09 17:05:57	1	0	15	0
    34401	2020-09-09 17:09:30	1	0	15	0
    34401	2020-09-09 17:09:32	1	0	15	0
    34602	2020-09-10 07:06:03	1	0	15	0
    34601	2020-09-10 07:49:34	1	0	15	0
    34601	2020-09-10 07:49:51	1	0	15	0
    34601	2020-09-10 07:49:53	1	0	15	0
    34401	2020-09-10 08:09:32	1	0	15	0
    34301	2020-09-10 08:21:05	1	0	15	0
    34301	2020-09-10 08:21:12	1	0	15	0
    34601	2020-09-10 16:00:07	1	0	15	0
    34601	2020-09-10 16:00:09	1	0	15	0
    34602	2020-09-10 17:00:51	1	0	15	0
    34401	2020-09-10 17:10:21	1	0	15	0
    34301	2020-09-10 19:20:45	1	0	15	0
    34301	2020-09-10 19:20:47	1	0	15	0
    34301	2020-09-11 10:09:47	1	0	15	0
    34301	2020-09-11 17:44:59	1	0	15	0
    34301	2020-09-11 17:45:04	1	0	15	0
    34602	2020-09-12 07:31:34	1	0	15	0
    34301	2020-09-12 09:38:12	1	0	15	0
    34301	2020-09-12 09:38:14	1	0	15	0
    34401	2020-09-12 09:40:15	1	0	15	0
    34602	2020-09-12 12:31:11	1	0	15	0
    34401	2020-09-12 17:25:53	1	0	15	0
    34401	2020-09-12 17:25:55	1	0	15	0
    34301	2020-09-12 19:19:01	1	0	15	0
    34301	2020-09-12 19:19:02	1	0	15	0
    34602	2020-09-13 07:14:16	1	0	15	0
    34101	2020-09-13 07:51:40	1	0	15	0
    34301	2020-09-13 08:14:28	1	0	15	0
    34301	2020-09-13 08:14:30	1	0	15	0
    34401	2020-09-13 08:16:27	1	0	15	0
    34401	2020-09-13 08:16:29	1	0	15	0
    34101	2020-09-13 16:30:01	1	1	15	0
    34602	2020-09-13 17:00:47	1	1	15	0
    34301	2020-09-13 17:01:22	1	1	15	0
    34301	2020-09-13 17:04:08	1	1	15	0
    34301	2020-09-13 17:04:10	1	1	15	0
    34401	2020-09-13 17:08:51	1	1	15	0
    34602	2020-09-14 07:15:34	1	1	15	0
    34101	2020-09-14 07:46:26	1	1	15	0
    34601	2020-09-14 07:55:08	1	1	15	0
    34601	2020-09-14 07:55:10	1	1	15	0
    34301	2020-09-14 08:14:53	1	1	15	0
    34501	2020-09-14 08:15:27	1	1	15	0
    34601	2020-09-14 16:01:03	1	1	15	0
    34601	2020-09-14 16:01:05	1	1	15	0
    34101	2020-09-14 16:09:52	1	1	15	0
    34101	2020-09-14 16:09:53	1	1	15	0
    34501	2020-09-14 16:10:33	1	1	15	0
    34602	2020-09-14 17:00:13	1	0	15	0
    34301	2020-09-14 17:08:12	1	0	15	0
    34301	2020-09-14 17:08:16	1	0	15	0
    34602	2020-09-15 07:07:15	1	0	15	0
    34101	2020-09-15 08:08:37	1	0	15	0
    34601	2020-09-15 08:09:08	1	0	15	0
    34601	2020-09-15 08:09:11	1	0	15	0
    34501	2020-09-15 08:17:52	1	0	15	0
    34601	2020-09-15 16:04:14	1	0	15	0
    34602	2020-09-15 17:01:27	1	0	15	0
    34101	2020-09-15 17:20:33	1	0	15	0
    34501	2020-09-15 17:37:08	1	0	15	0
    34501	2020-09-15 17:37:11	1	0	15	0
    34501	2020-09-15 17:37:14	1	0	15	0
    34501	2020-09-15 17:37:16	1	0	15	0
    34501	2020-09-15 17:37:24	1	0	15	0
    34501	2020-09-15 17:37:28	1	0	15	0
    34501	2020-09-15 17:37:30	1	0	15	0
    34602	2020-09-16 07:27:34	1	0	15	0
    34601	2020-09-16 07:50:42	1	0	15	0
    34101	2020-09-16 08:11:56	1	0	15	0
    34502	2020-09-16 08:13:45	1	0	15	0
    34501	2020-09-16 08:21:09	1	0	15	0
    34501	2020-09-16 08:21:11	1	0	15	0
    34301	2020-09-16 08:23:17	1	0	15	0
    34601	2020-09-16 16:06:23	1	0	15	0
    34501	2020-09-16 16:27:32	1	0	15	0
    34101	2020-09-16 16:28:47	1	0	15	0
    34602	2020-09-16 17:00:47	1	0	15	0
    34502	2020-09-16 17:04:26	1	0	15	0
    34502	2020-09-16 17:04:28	1	0	15	0
    34301	2020-09-16 18:37:35	1	0	15	0
    34602	2020-09-17 07:14:58	1	0	15	0
    34601	2020-09-17 08:00:59	1	0	15	0
    34601	2020-09-17 08:01:02	1	0	15	0
    34101	2020-09-17 08:04:33	1	0	15	0
    34502	2020-09-17 08:13:59	1	0	15	0
    34501	2020-09-17 08:21:26	1	0	15	0
    34501	2020-09-17 08:21:28	1	0	15	0
    34501	2020-09-17 08:21:32	1	0	15	0
    34101	2020-09-17 15:33:06	1	0	15	0
    34601	2020-09-17 16:01:59	1	0	15	0
    34601	2020-09-17 16:02:01	1	0	15	0
    34601	2020-09-17 16:02:03	1	0	15	0
    34501	2020-09-17 16:45:48	1	0	15	0
    34602	2020-09-17 17:00:15	1	0	15	0
    34502	2020-09-17 17:01:15	1	0	15	0
    34502	2020-09-17 17:01:17	1	0	15	0
    34501	2020-09-18 09:48:56	1	0	15	0
    34501	2020-09-18 16:54:19	1	0	15	0
    34501	2020-09-18 16:54:21	1	0	15	0
    34501	2020-09-18 16:54:23	1	0	15	0
    34602	2020-09-19 07:43:41	1	0	15	0
    34602	2020-09-19 07:43:43	1	0	15	0
    34301	2020-09-19 09:46:52	1	0	15	0
    34301	2020-09-19 09:46:54	1	0	15	0
    34401	2020-09-19 09:47:53	1	0	15	0
    34602	2020-09-19 12:13:59	1	0	15	0
    34602	2020-09-19 12:14:00	1	0	15	0
    34301	2020-09-19 17:43:29	1	0	15	0
    34301	2020-09-19 17:43:36	1	0	15	0
    34401	2020-09-19 17:52:38	1	0	15	0
    34101	2020-09-20 07:03:34	1	0	15	0
    34101	2020-09-20 07:03:35	1	0	15	0
    34602	2020-09-20 07:24:50	1	0	15	0
    34602	2020-09-20 07:24:51	1	0	15	0
    34601	2020-09-20 07:56:43	1	0	15	0
    34501	2020-09-20 08:15:59	1	0	15	0
    34401	2020-09-20 08:18:48	1	0	15	0
    34301	2020-09-20 08:23:12	1	0	15	0
    34601	2020-09-20 16:00:47	1	0	15	0
    34601	2020-09-20 16:00:49	1	0	15	0
    34101	2020-09-20 16:12:50	1	0	15	0
    34101	2020-09-20 16:12:52	1	0	15	0
    34501	2020-09-20 16:33:22	1	0	15	0
    34501	2020-09-20 16:33:41	1	0	15	0
    34501	2020-09-20 16:33:42	1	0	15	0
    34501	2020-09-20 16:33:44	1	0	15	0
    34602	2020-09-20 17:01:17	1	0	15	0
    34401	2020-09-20 17:08:57	1	0	15	0
    34301	2020-09-20 18:53:17	1	0	15	0
    34301	2020-09-20 18:53:19	1	0	15	0
    34602	2020-09-21 07:06:43	1	0	15	0
    34101	2020-09-21 08:01:09	1	0	15	0
    34601	2020-09-21 08:11:11	1	0	15	0
    34601	2020-09-21 08:11:16	1	0	15	0
    34301	2020-09-21 08:19:31	1	0	15	0
    34301	2020-09-21 08:19:33	1	0	15	0
    34401	2020-09-21 08:20:30	1	0	15	0
    34401	2020-09-21 08:20:32	1	0	15	0
    34501	2020-09-21 08:22:00	1	0	15	0
    34601	2020-09-21 16:01:12	1	0	15	0
    34601	2020-09-21 16:01:14	1	0	15	0
    34501	2020-09-21 16:10:37	1	0	15	0
    34602	2020-09-21 17:01:52	1	0	15	0
    34401	2020-09-21 17:05:49	1	0	15	0
    34101	2020-09-21 18:02:04	1	0	15	0
    34101	2020-09-21 18:02:08	1	0	15	0
    34301	2020-09-21 19:28:45	1	0	15	0
    34301	2020-09-21 19:28:53	1	0	15	0
    34602	2020-09-22 07:13:14	1	0	15	0
    34601	2020-09-22 07:50:25	1	0	15	0
    34601	2020-09-22 07:50:27	1	0	15	0
    34101	2020-09-22 08:05:03	1	0	15	0
    34501	2020-09-22 08:14:47	1	0	15	0
    34501	2020-09-22 08:14:49	1	0	15	0
    34401	2020-09-22 08:39:56	1	0	15	0
    34401	2020-09-22 08:39:58	1	0	15	0
    34601	2020-09-22 16:02:00	1	0	15	0
    34501	2020-09-22 16:36:25	1	0	15	0
    34602	2020-09-22 17:01:17	1	0	15	0
    34101	2020-09-22 17:17:44	1	0	15	0
    34401	2020-09-22 17:21:06	1	0	15	0
    34602	2020-09-23 06:59:52	1	0	15	0
    34601	2020-09-23 07:53:28	1	0	15	0
    34601	2020-09-23 07:53:30	1	0	15	0
    34601	2020-09-23 07:53:32	1	0	15	0
    34101	2020-09-23 07:56:05	1	0	15	0
    34301	2020-09-23 08:25:21	1	0	15	0
    34301	2020-09-23 08:25:23	1	0	15	0
    34501	2020-09-23 08:37:26	1	0	15	0
    34401	2020-09-23 08:49:53	1	0	15	0
    34401	2020-09-23 08:49:55	1	0	15	0
    34601	2020-09-23 16:14:05	1	0	15	0
    34602	2020-09-23 17:03:24	1	0	15	0
    34401	2020-09-23 17:45:10	1	0	15	0
    34501	2020-09-23 17:45:54	1	0	15	0
    34501	2020-09-23 17:45:57	1	0	15	0
    34501	2020-09-23 17:45:59	1	0	15	0
    34501	2020-09-23 17:46:01	1	0	15	0
    34501	2020-09-23 17:46:03	1	0	15	0
    34501	2020-09-23 17:46:05	1	0	15	0
    34101	2020-09-23 17:48:17	1	0	15	0
    34301	2020-09-23 18:36:05	1	0	15	0
    34602	2020-09-24 07:26:08	1	0	15	0
    34101	2020-09-24 08:05:34	1	0	15	0
    34301	2020-09-24 08:19:37	1	0	15	0
    34301	2020-09-24 08:19:39	1	0	15	0
    34501	2020-09-24 08:21:56	1	0	15	0
    34401	2020-09-24 08:51:49	1	0	15	0
    34401	2020-09-24 08:51:50	1	0	15	0
    34101	2020-09-24 14:56:35	1	0	15	0
    34602	2020-09-24 17:01:32	1	0	15	0
    34401	2020-09-24 17:05:28	1	0	15	0
    34401	2020-09-24 17:05:30	1	0	15	0
    34501	2020-09-24 17:22:38	1	0	15	0
    34501	2020-09-24 17:22:41	1	0	15	0
    34501	2020-09-24 17:22:52	1	0	15	0
    34301	2020-09-24 18:50:02	1	0	15	0
    34301	2020-09-24 18:50:05	1	0	15	0
    34501	2020-09-25 09:26:26	1	0	15	0
    34501	2020-09-25 09:26:28	1	0	15	0
    34501	2020-09-25 16:18:50	1	0	15	0
    34602	2020-09-26 08:05:13	1	0	15	0
    34301	2020-09-26 10:29:23	1	0	15	0
    34602	2020-09-26 15:49:30	1	0	15	0
    34301	2020-09-26 18:00:45	1	0	15	0
    34301	2020-09-26 18:00:48	1	0	15	0
    34602	2020-09-27 07:23:24	1	0	15	0
    34601	2020-09-27 07:55:36	1	0	15	0
    34101	2020-09-27 08:00:47	1	0	15	0
    34501	2020-09-27 08:17:38	1	0	15	0
    34501	2020-09-27 08:17:40	1	0	15	0
    34301	2020-09-27 08:23:18	1	0	15	0
    34401	2020-09-27 09:11:43	1	0	15	0
    34601	2020-09-27 16:03:19	1	0	15	0
    34601	2020-09-27 16:03:21	1	0	15	0
    34601	2020-09-27 16:03:23	1	0	15	0
    34501	2020-09-27 16:24:44	1	0	15	0
    34101	2020-09-27 16:53:06	1	0	15	0
    34401	2020-09-27 17:01:53	1	0	15	0
    34401	2020-09-27 17:01:55	1	0	15	0
    34602	2020-09-27 17:02:09	1	0	15	0
    34602	2020-09-27 17:02:11	1	0	15	0
    34301	2020-09-27 17:47:13	1	0	15	0
    34301	2020-09-27 17:47:40	1	0	15	0
    34602	2020-09-28 07:03:23	1	0	15	0
    34602	2020-09-28 07:03:25	1	0	15	0
    34601	2020-09-28 07:55:21	1	0	15	0
    34601	2020-09-28 07:55:23	1	0	15	0
    34101	2020-09-28 08:00:56	1	0	15	0
    34301	2020-09-28 08:14:45	1	0	15	0
    34301	2020-09-28 08:14:47	1	0	15	0
    34501	2020-09-28 08:22:45	1	0	15	0
    34401	2020-09-28 09:04:45	1	0	15	0
    34601	2020-09-28 16:04:35	1	0	15	0
    34501	2020-09-28 16:46:55	1	0	15	0
    34501	2020-09-28 16:46:56	1	0	15	0
    34501	2020-09-28 16:46:59	1	0	15	0
    34301	2020-09-28 17:04:30	1	0	15	0
    34301	2020-09-28 17:04:32	1	0	15	0
    34301	2020-09-28 17:04:34	1	0	15	0
    34602	2020-09-28 17:16:08	1	0	15	0
    34101	2020-09-28 18:54:53	1	0	15	0
    34101	2020-09-28 18:54:55	1	0	15	0
    34401	2020-09-28 20:50:42	1	0	15	0
    34602	2020-09-29 07:04:58	1	0	15	0
    34601	2020-09-29 07:56:33	1	0	15	0
    34601	2020-09-29 07:56:36	1	0	15	0
    34501	2020-09-29 08:24:56	1	0	15	0
    34501	2020-09-29 08:24:58	1	0	15	0
    34401	2020-09-29 08:59:00	1	0	15	0
    34401	2020-09-29 08:59:02	1	0	15	0
    34601	2020-09-29 16:00:37	1	0	15	0
    34501	2020-09-29 16:03:17	1	0	15	0
    34602	2020-09-29 17:03:12	1	0	15	0
    34401	2020-09-29 17:09:31	1	0	15	0
    34602	2020-09-30 07:31:52	1	0	15	0
    34601	2020-09-30 07:48:36	1	0	15	0
    34601	2020-09-30 07:48:38	1	0	15	0
    34301	2020-09-30 08:17:50	1	0	15	0
    34301	2020-09-30 08:17:52	1	0	15	0
    34501	2020-09-30 08:25:07	1	0	15	0
    34401	2020-09-30 09:13:43	1	0	15	0
    34601	2020-09-30 16:00:32	1	0	15	0
    34301	2020-09-30 16:42:31	1	0	15	0
    34301	2020-09-30 16:42:33	1	0	15	0
    34602	2020-09-30 17:00:51	1	0	15	0
    34602	2020-09-30 17:00:53	1	0	15	0
    34401	2020-09-30 17:02:12	1	0	15	0
    34401	2020-09-30 17:02:15	1	0	15	0
    34501	2020-09-30 19:37:15	1	0	15	0
    34602	2020-10-01 07:03:19	1	0	15	0
    34602	2020-10-01 07:03:21	1	0	15	0
    34601	2020-10-01 07:52:18	1	0	15	0
    34601	2020-10-01 07:52:20	1	0	15	0
    34501	2020-10-01 08:19:55	1	0	15	0
    34501	2020-10-01 08:19:57	1	0	15	0
    34301	2020-10-01 08:36:37	1	0	15	0
    34301	2020-10-01 08:36:42	1	0	15	0
    34401	2020-10-01 09:02:54	1	0	15	0
    34401	2020-10-01 09:02:56	1	0	15	0
    34601	2020-10-01 16:01:16	1	0	15	0
    34601	2020-10-01 16:02:01	1	0	15	0
    34602	2020-10-01 17:06:01	1	0	15	0
    34401	2020-10-01 17:24:52	1	0	15	0
    34501	2020-10-01 17:25:32	1	0	15	0
    34301	2020-10-01 17:35:49	1	0	15	0
    34501	2020-10-02 09:55:37	1	0	15	0
    34501	2020-10-02 18:25:10	1	0	15	0
    34501	2020-10-02 18:25:12	1	0	15	0
    34602	2020-10-03 07:46:04	1	0	15	0
    34401	2020-10-03 10:19:20	1	0	15	0
    34301	2020-10-03 10:53:23	1	0	15	0
    34602	2020-10-03 14:30:59	1	0	15	0
    34401	2020-10-03 18:36:48	1	0	15	0
    34401	2020-10-03 18:36:50	1	0	15	0
    34301	2020-10-03 19:02:09	1	0	15	0
    34602	2020-10-04 07:15:30	1	0	15	0
    34601	2020-10-04 08:01:00	1	0	15	0
    34101	2020-10-04 08:01:50	1	0	15	0
    34301	2020-10-04 08:18:59	1	0	15	0
    34501	2020-10-04 08:34:43	1	0	15	0
    34501	2020-10-04 08:34:45	1	0	15	0
    34601	2020-10-04 16:05:31	1	0	15	0
    34601	2020-10-04 16:05:34	1	0	15	0
    34602	2020-10-04 17:13:09	1	0	15	0
    34501	2020-10-04 17:20:18	1	0	15	0
    34101	2020-10-04 18:20:15	1	0	15	0
    34101	2020-10-04 18:20:17	1	0	15	0
    34301	2020-10-04 18:45:57	1	0	15	0
    34602	2020-10-05 04:35:42	1	0	15	0
    34101	2020-10-05 08:07:57	1	0	15	0
    34101	2020-10-05 08:07:58	1	0	15	0
    34601	2020-10-05 08:10:50	1	0	15	0
    34301	2020-10-05 08:22:31	1	0	15	0
    34501	2020-10-05 08:26:59	1	0	15	0
    34601	2020-10-05 16:02:03	1	0	15	0
    34601	2020-10-05 16:02:05	1	0	15	0
    34301	2020-10-05 17:33:42	1	0	15	0
    34501	2020-10-05 17:35:58	1	0	15	0
    34101	2020-10-05 19:02:56	1	0	15	0
    34101	2020-10-05 19:02:58	1	0	15	0
    34602	2020-10-05 21:58:37	1	0	15	0
    34101	2020-10-06 08:08:50	1	0	15	0
    34601	2020-10-06 08:09:07	1	0	15	0
    34601	2020-10-06 08:09:09	1	0	15	0
    34602	2020-10-06 08:09:54	1	0	15	0
    34501	2020-10-06 08:33:24	1	0	15	0
    34401	2020-10-06 08:56:50	1	0	15	0
    34601	2020-10-06 16:01:12	1	0	15	0
    34602	2020-10-06 17:04:42	1	0	15	0
    34602	2020-10-06 17:04:44	1	0	15	0
    34401	2020-10-06 17:10:32	1	0	15	0
    34401	2020-10-06 17:10:34	1	0	15	0
    34501	2020-10-06 17:14:15	1	0	15	0
    34501	2020-10-06 17:14:16	1	0	15	0
    34101	2020-10-06 17:49:25	1	0	15	0
    34101	2020-10-06 17:49:28	1	0	15	0
    34602	2020-10-07 07:09:03	1	0	15	0
    34101	2020-10-07 08:09:49	1	0	15	0
    34101	2020-10-07 08:09:51	1	0	15	0
    34301	2020-10-07 08:26:19	1	0	15	0
    34401	2020-10-07 09:06:56	1	0	15	0
    34301	2020-10-07 17:04:13	1	0	15	0
    34602	2020-10-07 17:18:06	1	0	15	0
    34401	2020-10-07 17:41:01	1	0	15	0
    34101	2020-10-07 18:02:02	1	0	15	0
    34101	2020-10-07 18:02:04	1	0	15	0
    34602	2020-10-08 07:57:08	1	0	15	0
    34301	2020-10-08 09:55:22	1	0	15	0
    34301	2020-10-08 09:55:30	1	0	15	0
    34301	2020-10-08 09:55:32	1	0	15	0
    34401	2020-10-08 10:26:26	1	0	15	0
    34602	2020-10-08 17:02:09	1	0	15	0
    34301	2020-10-08 17:31:32	1	0	15	0
    34301	2020-10-08 17:31:34	1	0	15	0
    34301	2020-10-08 17:31:36	1	0	15	0
    34401	2020-10-08 18:50:21	1	0	15	0
    34602	2020-10-09 08:03:41	1	0	15	0
    34501	2020-10-09 09:58:35	1	0	15	0
    34602	2020-10-09 15:47:55	1	0	15	0
    34501	2020-10-09 17:06:35	1	0	15	0
    34602	2020-10-10 06:58:39	1	0	15	0
    34502	2020-10-10 09:19:39	1	0	15	0
    34502	2020-10-10 09:19:41	1	0	15	0
    34401	2020-10-10 10:46:30	1	0	15	0
    34502	2020-10-10 16:26:33	1	0	15	0
    34502	2020-10-10 16:26:36	1	0	15	0
    34602	2020-10-10 18:02:47	1	0	15	0
    34401	2020-10-10 18:04:46	1	0	15	0
    34602	2020-10-11 07:07:53	1	0	15	0
    34601	2020-10-11 08:01:30	1	0	15	0
    34101	2020-10-11 08:07:40	1	0	15	0
    34502	2020-10-11 08:10:09	1	0	15	0
    34501	2020-10-11 08:22:43	1	0	15	0
    34301	2020-10-11 08:28:11	1	0	15	0
    34301	2020-10-11 08:28:13	1	0	15	0
    34401	2020-10-11 09:02:18	1	0	15	0
    34601	2020-10-11 16:00:50	1	0	15	0
    34601	2020-10-11 16:00:56	1	0	15	0
    34501	2020-10-11 16:03:54	1	0	15	0
    34501	2020-10-11 16:03:56	1	0	15	0
    34501	2020-10-11 16:04:04	1	0	15	0
    34501	2020-10-11 16:04:06	1	0	15	0
    34502	2020-10-11 16:20:17	1	0	15	0
    34602	2020-10-11 17:04:01	1	0	15	0
    34401	2020-10-11 17:07:57	1	0	15	0
    34301	2020-10-11 17:44:36	1	0	15	0
    34101	2020-10-11 17:45:17	1	0	15	0
    34101	2020-10-12 08:01:03	1	0	15	0
    34502	2020-10-12 08:02:55	1	0	15	0
    34502	2020-10-12 08:02:57	1	0	15	0
    34601	2020-10-12 08:11:46	1	0	15	0
    34601	2020-10-12 08:11:48	1	0	15	0
    34301	2020-10-12 08:21:13	1	0	15	0
    34501	2020-10-12 08:26:19	1	0	15	0
    34501	2020-10-12 08:26:21	1	0	15	0
    34501	2020-10-12 08:26:22	1	0	15	0
    34401	2020-10-12 08:58:28	1	0	15	0
    34401	2020-10-12 08:58:30	1	0	15	0
    34601	2020-10-12 16:09:57	1	0	15	0
    34601	2020-10-12 16:09:59	1	0	15	0
    34501	2020-10-12 16:57:31	1	0	15	0
    34501	2020-10-12 16:57:33	1	0	15	0
    34502	2020-10-12 17:02:36	1	0	15	0
    34301	2020-10-12 17:26:59	1	0	15	0
    34401	2020-10-12 17:40:16	1	0	15	0
    34401	2020-10-12 17:40:19	1	0	15	0
    34101	2020-10-12 17:54:06	1	0	15	0
    34602	2020-10-13 07:10:01	1	0	15	0
    34502	2020-10-13 08:00:03	1	0	15	0
    34601	2020-10-13 08:01:35	1	0	15	0
    34601	2020-10-13 08:01:37	1	0	15	0
    34101	2020-10-13 08:05:55	1	0	15	0
    34301	2020-10-13 08:21:32	1	0	15	0
    34501	2020-10-13 08:24:01	1	0	15	0
    34501	2020-10-13 08:24:02	1	0	15	0
    34301	2020-10-13 16:06:03	1	0	15	0
    34301	2020-10-13 16:06:05	1	0	15	0
    34502	2020-10-13 16:07:10	1	0	15	0
    34502	2020-10-13 16:07:13	1	0	15	0
    34601	2020-10-13 16:17:53	1	0	15	0
    34501	2020-10-13 17:08:37	1	0	15	0
    34501	2020-10-13 17:08:44	1	0	15	0
    34501	2020-10-13 17:08:46	1	0	15	0
    34602	2020-10-13 18:24:49	1	0	15	0
    34101	2020-10-13 19:15:41	1	0	15	0
    34101	2020-10-14 08:09:00	1	0	15	0
    34101	2020-10-14 08:09:02	1	0	15	0
    34502	2020-10-14 08:10:36	1	0	15	0
    34501	2020-10-14 08:28:02	1	0	15	0
    34501	2020-10-14 08:28:04	1	0	15	0
    34301	2020-10-14 08:29:48	1	0	15	0
    34502	2020-10-14 16:29:12	1	0	15	0
    34101	2020-10-14 17:01:43	1	0	15	0
    34501	2020-10-14 17:03:40	1	0	15	0
    34301	2020-10-14 19:21:02	1	0	15	0
    34301	2020-10-14 19:21:04	1	0	15	0
    34602	2020-10-15 07:21:04	1	0	15	0
    34502	2020-10-15 08:01:22	1	0	15	0
    34601	2020-10-15 08:05:25	1	0	15	0
    34101	2020-10-15 08:12:03	1	0	15	0
    34501	2020-10-15 08:55:03	1	0	15	0
    34501	2020-10-15 08:55:05	1	0	15	0
    34601	2020-10-15 16:02:11	1	0	15	0
    34101	2020-10-15 16:33:23	1	0	15	0
    34602	2020-10-15 17:01:43	1	0	15	0
    34502	2020-10-15 17:03:14	1	0	15	0
    34502	2020-10-15 17:03:15	1	0	15	0
    34501	2020-10-15 17:10:56	1	0	15	0
    34502	2020-10-16 09:55:26	1	0	15	0
    34101	2020-10-16 10:03:19	1	0	15	0
    34101	2020-10-16 10:03:21	1	0	15	0
    34101	2020-10-16 13:42:12	1	0	15	0
    34502	2020-10-16 18:17:09	1	0	15	0
    34602	2020-10-17 07:03:48	1	0	15	0
    34502	2020-10-17 08:27:53	1	0	15	0
    34502	2020-10-17 08:27:55	1	0	15	0
    34401	2020-10-17 09:54:58	1	0	15	0
    34401	2020-10-17 09:55:01	1	0	15	0
    34602	2020-10-17 14:32:42	1	0	15	0
    34502	2020-10-17 16:03:30	1	0	15	0
    34401	2020-10-17 17:28:47	1	0	15	0
    34401	2020-10-17 17:28:49	1	0	15	0
    34602	2020-10-18 07:01:24	1	0	15	0
    34502	2020-10-18 08:05:05	1	0	15	0
    34101	2020-10-18 08:06:17	1	0	15	0
    34601	2020-10-18 08:08:05	1	0	15	0
    34601	2020-10-18 08:08:08	1	0	15	0
    34301	2020-10-18 08:16:47	1	0	15	0
    34501	2020-10-18 08:19:41	1	0	15	0
    34401	2020-10-18 08:43:10	1	0	15	0
    34401	2020-10-18 08:43:12	1	0	15	0
    34601	2020-10-18 16:02:51	1	0	15	0
    34601	2020-10-18 16:02:54	1	0	15	0
    34501	2020-10-18 16:12:55	1	0	15	0
    34301	2020-10-18 16:37:02	1	0	15	0
    34502	2020-10-18 17:06:16	1	0	15	0
    34602	2020-10-18 17:06:38	1	0	15	0
    34401	2020-10-18 17:15:18	1	0	15	0
    34401	2020-10-18 17:15:20	1	0	15	0
    34101	2020-10-18 17:47:10	1	0	15	0
    34602	2020-10-19 07:11:43	1	0	15	0
    34601	2020-10-19 08:08:24	1	0	15	0
    34601	2020-10-19 08:08:26	1	0	15	0
    34101	2020-10-19 08:11:29	1	0	15	0
    34501	2020-10-19 08:23:31	1	0	15	0
    34301	2020-10-19 08:24:12	1	0	15	0
    34401	2020-10-19 08:59:44	1	0	15	0
    34601	2020-10-19 16:02:33	1	0	15	0
    34301	2020-10-19 16:14:51	1	0	15	0
    34501	2020-10-19 16:33:32	1	0	15	0
    34501	2020-10-19 16:33:34	1	0	15	0
    34101	2020-10-19 16:58:33	1	0	15	0
    34602	2020-10-19 17:24:36	1	0	15	0
    34401	2020-10-19 17:32:21	1	0	15	0
    34401	2020-10-19 17:32:23	1	0	15	0
    34602	2020-10-20 07:08:16	1	0	15	0
    34601	2020-10-20 08:01:40	1	0	15	0
    34601	2020-10-20 08:01:42	1	0	15	0
    34502	2020-10-20 08:04:05	1	0	15	0
    34301	2020-10-20 08:28:05	1	0	15	0
    34401	2020-10-20 08:50:03	1	0	15	0
    34401	2020-10-20 08:50:05	1	0	15	0
    34601	2020-10-20 16:00:44	1	0	15	0
    34601	2020-10-20 16:00:46	1	0	15	0
    34401	2020-10-20 17:03:36	1	0	15	0
    34401	2020-10-20 17:03:38	1	0	15	0
    34602	2020-10-20 17:03:52	1	0	15	0
    34502	2020-10-20 17:04:48	1	0	15	0
    34502	2020-10-20 17:04:50	1	0	15	0
    34502	2020-10-20 17:04:53	1	0	15	0
    34301	2020-10-20 18:12:08	1	0	15	0
    34602	2020-10-21 07:12:06	1	0	15	0
    34601	2020-10-21 07:53:18	1	0	15	0
    34502	2020-10-21 07:53:33	1	0	15	0
    34501	2020-10-21 08:22:48	1	0	15	0
    34501	2020-10-21 08:22:51	1	0	15	0
    34401	2020-10-21 08:57:28	1	0	15	0
    34601	2020-10-21 16:00:34	1	0	15	0
    34501	2020-10-21 16:01:59	1	0	15	0
    34501	2020-10-21 16:02:01	1	0	15	0
    34501	2020-10-21 16:02:05	1	0	15	0
    34501	2020-10-21 16:02:07	1	0	15	0
    34602	2020-10-21 17:01:46	1	0	15	0
    34502	2020-10-21 17:04:23	1	0	15	0
    34401	2020-10-21 18:07:34	1	0	15	0
    34602	2020-10-22 07:03:13	1	0	15	0
    34601	2020-10-22 08:12:46	1	0	15	0
    34601	2020-10-22 08:12:48	1	0	15	0
    34501	2020-10-22 08:20:34	1	0	15	0
    34501	2020-10-22 08:20:38	1	0	15	0
    34401	2020-10-22 10:17:36	1	0	15	0
    34601	2020-10-22 16:01:36	1	0	15	0
    34401	2020-10-22 17:05:56	1	0	15	0
    34401	2020-10-22 17:05:58	1	0	15	0
    34602	2020-10-22 18:31:45	1	0	15	0
    34501	2020-10-22 18:35:46	1	0	15	0
    34501	2020-10-22 18:35:48	1	0	15	0
    34602	2020-10-23 07:15:32	1	0	15	0
    34501	2020-10-23 09:12:06	1	0	15	0
    34602	2020-10-23 16:20:07	1	0	15	0
    34501	2020-10-23 16:25:02	1	0	15	0
    34602	2020-10-24 07:08:11	1	0	15	0
    34502	2020-10-24 09:06:46	1	0	15	0
    34401	2020-10-24 09:34:32	1	0	15	0
    34602	2020-10-24 15:09:01	1	0	15	0
    34502	2020-10-24 16:14:22	1	0	15	0
    34502	2020-10-24 16:14:24	1	0	15	0
    34401	2020-10-24 17:54:26	1	0	15	0
    34602	2020-10-25 07:06:15	1	0	15	0
    34602	2020-10-25 07:06:16	1	0	15	0
    34502	2020-10-25 08:01:47	1	0	15	0
    34601	2020-10-25 08:09:29	1	0	15	0
    34601	2020-10-25 08:09:31	1	0	15	0
    34301	2020-10-25 08:18:18	1	0	15	0
    34501	2020-10-25 08:18:42	1	0	15	0
    34101	2020-10-25 08:26:21	1	0	15	0
    34601	2020-10-25 16:01:22	1	0	15	0
    34602	2020-10-25 17:04:50	1	0	15	0
    34501	2020-10-25 17:07:29	1	0	15	0
    34502	2020-10-25 17:07:50	1	0	15	0
    34502	2020-10-25 17:07:52	1	0	15	0
    34101	2020-10-25 18:12:02	1	0	15	0
    34301	2020-10-25 18:31:52	1	0	15	0
    34301	2020-10-25 18:31:53	1	0	15	0
    34301	2020-10-25 18:31:56	1	0	15	0
    34602	2020-10-26 07:07:03	1	0	15	0
    34101	2020-10-26 08:11:10	1	0	15	0
    34601	2020-10-26 08:13:42	1	0	15	0
    34501	2020-10-26 08:17:21	1	0	15	0
    34501	2020-10-26 08:17:22	1	0	15	0
    34301	2020-10-26 08:18:44	1	0	15	0
    34401	2020-10-26 09:04:00	1	0	15	0
    34601	2020-10-26 16:28:48	1	0	15	0
    34601	2020-10-26 16:28:51	1	0	15	0
    34501	2020-10-26 16:36:56	1	0	15	0
    34301	2020-10-26 16:37:28	1	0	15	0
    34602	2020-10-26 17:01:15	1	0	15	0
    34101	2020-10-26 17:36:31	1	0	15	0
    34101	2020-10-26 17:36:33	1	0	15	0
    34401	2020-10-26 18:00:24	1	0	15	0
    34301	2020-10-26 21:28:10	1	0	15	0
    34602	2020-10-27 07:12:29	1	0	15	0
    34101	2020-10-27 08:00:26	1	0	15	0
    34502	2020-10-27 08:04:45	1	0	15	0
    34601	2020-10-27 08:06:27	1	0	15	0
    34301	2020-10-27 08:18:54	1	0	15	0
    34501	2020-10-27 08:23:13	1	0	15	0
    34401	2020-10-27 08:53:47	1	0	15	0
    34601	2020-10-27 16:20:51	1	0	15	0
    34601	2020-10-27 16:20:53	1	0	15	0
    34301	2020-10-27 16:30:17	1	0	15	0
    34602	2020-10-27 17:11:29	1	0	15	0
    34501	2020-10-27 17:12:18	1	0	15	0
    34502	2020-10-27 17:17:01	1	0	15	0
    34401	2020-10-27 17:42:53	1	0	15	0
    34401	2020-10-27 17:42:55	1	0	15	0
    34101	2020-10-27 17:53:21	1	0	15	0
    34602	2020-10-28 07:03:53	1	0	15	0
    34502	2020-10-28 07:57:48	1	0	15	0
    34101	2020-10-28 08:02:56	1	0	15	0
    34501	2020-10-28 08:23:16	1	0	15	0
    34301	2020-10-28 08:24:00	1	0	15	0
    34401	2020-10-28 10:16:13	1	0	15	0
    34501	2020-10-28 16:26:46	1	0	15	0
    34501	2020-10-28 16:26:48	1	0	15	0
    34602	2020-10-28 17:02:36	1	0	15	0
    34502	2020-10-28 17:12:25	1	0	15	0
    34502	2020-10-28 17:12:27	1	0	15	0
    34301	2020-10-28 17:17:22	1	0	15	0
    34101	2020-10-28 17:20:17	1	0	15	0
    34101	2020-10-28 17:20:18	1	0	15	0
    34401	2020-10-28 18:06:21	1	0	15	0
    34602	2020-10-29 07:12:13	1	0	15	0
    34101	2020-10-29 09:31:38	1	0	15	0
    34501	2020-10-29 09:31:57	1	0	15	0
    34501	2020-10-29 09:31:59	1	0	15	0
    34101	2020-10-29 12:13:21	1	0	15	0
    34301	2020-10-29 13:06:03	1	0	15	0
    34602	2020-10-29 15:24:41	1	0	15	0
    34501	2020-10-29 16:39:02	1	0	15	0
    34501	2020-10-29 16:39:05	1	0	15	0
    34501	2020-10-29 16:39:09	1	0	15	0
    34501	2020-10-30 10:58:55	1	0	15	0
    34501	2020-10-30 10:58:57	1	0	15	0
    34501	2020-10-30 17:56:40	1	0	15	0
    34501	2020-10-30 17:56:42	1	0	15	0
    34501	2020-10-30 17:56:44	1	0	15	0
    34501	2020-10-30 17:56:47	1	0	15	0
    34501	2020-10-30 17:56:49	1	0	15	0
    34501	2020-10-30 17:56:51	1	0	15	0
    34602	2020-10-31 07:20:23	1	0	15	0
    34502	2020-10-31 08:42:58	1	0	15	0
    34401	2020-10-31 09:48:15	1	0	15	0
    34301	2020-10-31 11:53:25	1	0	15	0
    34301	2020-10-31 11:53:27	1	0	15	0
    34602	2020-10-31 14:24:29	1	0	15	0
    34502	2020-10-31 16:02:32	1	0	15	0
    34502	2020-10-31 16:02:34	1	0	15	0
    34401	2020-10-31 17:34:26	1	0	15	0
    34301	2020-10-31 19:02:46	1	0	15	0
    34101	2020-11-01 08:03:40	1	0	15	0
    34502	2020-11-01 08:06:10	1	0	15	0
    34502	2020-11-01 08:06:15	1	0	15	0
    34601	2020-11-01 08:06:20	1	0	15	0
    34601	2020-11-01 08:06:22	1	0	15	0
    34301	2020-11-01 08:07:57	1	0	15	0
    34401	2020-11-01 08:55:30	1	0	15	0
    34601	2020-11-01 16:00:41	1	0	15	0
    34601	2020-11-01 16:00:43	1	0	15	0
    34502	2020-11-01 17:01:13	1	0	15	0
    34101	2020-11-01 17:18:38	1	0	15	0
    34401	2020-11-01 17:24:05	1	0	15	0
    34401	2020-11-01 17:24:06	1	0	15	0
    34301	2020-11-01 18:42:55	1	0	15	0
    34301	2020-11-01 18:42:57	1	0	15	0
    34602	2020-11-02 07:18:49	1	0	15	0
    34502	2020-11-02 07:51:15	1	0	15	0
    34502	2020-11-02 07:51:17	1	0	15	0
    34101	2020-11-02 08:10:35	1	0	15	0
    34601	2020-11-02 08:11:28	1	0	15	0
    34601	2020-11-02 08:11:30	1	0	15	0
    34301	2020-11-02 08:19:48	1	0	15	0
    34401	2020-11-02 09:07:46	1	0	15	0
    34401	2020-11-02 09:07:48	1	0	15	0
    34601	2020-11-02 16:00:43	1	0	15	0
    34601	2020-11-02 16:00:45	1	0	15	0
    34502	2020-11-02 17:00:39	1	0	15	0
    34602	2020-11-02 17:04:10	1	0	15	0
    34602	2020-11-02 17:04:12	1	0	15	0
    34101	2020-11-02 17:10:40	1	0	15	0
    34101	2020-11-02 17:10:42	1	0	15	0
    34401	2020-11-02 17:21:46	1	0	15	0
    34301	2020-11-02 17:55:46	1	0	15	0
    34602	2020-11-03 07:06:17	1	0	15	0
    34502	2020-11-03 07:58:57	1	0	15	0
    34502	2020-11-03 07:58:59	1	0	15	0
    34601	2020-11-03 08:05:55	1	0	15	0
    34101	2020-11-03 08:10:42	1	0	15	0
    34401	2020-11-03 09:20:41	1	0	15	0
    34601	2020-11-03 16:01:56	1	0	15	0
    34502	2020-11-03 17:06:47	1	0	15	0
    34602	2020-11-03 17:06:58	1	0	15	0
    34401	2020-11-03 17:58:47	1	0	15	0
    34101	2020-11-03 18:00:22	1	0	15	0
    34602	2020-11-04 07:22:30	1	0	15	0
    34101	2020-11-04 08:08:29	1	0	15	0
    34502	2020-11-04 08:09:12	1	0	15	0
    34601	2020-11-04 08:10:52	1	0	15	0
    34601	2020-11-04 08:10:54	1	0	15	0
    34301	2020-11-04 08:22:00	1	0	15	0
    34401	2020-11-04 09:18:26	1	0	15	0
    34601	2020-11-04 16:03:27	1	0	15	0
    34602	2020-11-04 17:02:07	1	0	15	0
    34502	2020-11-04 17:02:32	1	0	15	0
    34101	2020-11-04 17:20:55	1	0	15	0
    34401	2020-11-04 17:31:48	1	0	15	0
    34301	2020-11-04 18:24:00	1	0	15	0
    34301	2020-11-04 18:24:02	1	0	15	0
    34602	2020-11-05 07:06:32	1	0	15	0
    34502	2020-11-05 08:05:22	1	0	15	0
    34101	2020-11-05 08:11:43	1	0	15	0
    34301	2020-11-05 08:22:08	1	0	15	0
    34501	2020-11-05 08:24:47	1	0	15	0
    34501	2020-11-05 08:24:49	1	0	15	0
    34602	2020-11-05 17:00:12	1	0	15	0
    34502	2020-11-05 17:11:34	1	0	15	0
    34502	2020-11-05 17:11:36	1	0	15	0
    34502	2020-11-05 17:11:41	1	0	15	0
    34502	2020-11-05 17:11:43	1	0	15	0
    34501	2020-11-05 17:30:52	1	0	15	0
    34501	2020-11-05 17:31:05	1	0	15	0
    34501	2020-11-05 17:31:07	1	0	15	0
    34501	2020-11-05 17:31:09	1	0	15	0
    34101	2020-11-05 18:18:40	1	0	15	0
    34301	2020-11-05 19:13:50	1	0	15	0
    34602	2020-11-06 07:53:52	1	0	15	0
    34501	2020-11-06 09:37:24	1	0	15	0
    34501	2020-11-06 09:37:26	1	0	15	0
    34602	2020-11-06 16:23:50	1	0	15	0
    34501	2020-11-06 16:25:09	1	0	15	0
    34602	2020-11-07 07:04:15	1	0	15	0
    34502	2020-11-07 08:34:26	1	0	15	0
    34502	2020-11-07 08:34:28	1	0	15	0
    34101	2020-11-07 11:00:06	1	0	15	0
    34101	2020-11-07 14:45:33	1	0	15	0
    34602	2020-11-07 15:00:14	1	0	15	0
    34502	2020-11-07 16:08:01	1	0	15	0
    34502	2020-11-07 16:08:03	1	0	15	0
    34602	2020-11-08 07:11:04	1	0	15	0
    34601	2020-11-08 08:07:58	1	0	15	0
    34502	2020-11-08 08:11:08	1	0	15	0
    34101	2020-11-08 08:13:11	1	0	15	0
    34301	2020-11-08 08:25:29	1	0	15	0
    34401	2020-11-08 08:48:37	1	0	15	0
    34601	2020-11-08 16:02:43	1	0	15	0
    34601	2020-11-08 16:08:53	1	0	15	0
    34101	2020-11-08 16:16:11	1	0	15	0
    34602	2020-11-08 17:00:25	1	0	15	0
    34502	2020-11-08 17:02:11	1	0	15	0
    34502	2020-11-08 17:02:13	1	0	15	0
    34401	2020-11-08 17:16:36	1	0	15	0
    34401	2020-11-08 17:16:38	1	0	15	0
    34301	2020-11-08 18:18:22	1	0	15	0
    34101	2020-11-09 08:06:34	1	0	15	0
    34502	2020-11-09 08:08:42	1	0	15	0
    34601	2020-11-09 08:09:03	1	0	15	0
    34601	2020-11-09 08:09:05	1	0	15	0
    34601	2020-11-09 08:09:07	1	0	15	0
    34301	2020-11-09 08:21:18	1	0	15	0
    34301	2020-11-09 08:21:20	1	0	15	0
    34401	2020-11-09 08:58:05	1	0	15	0
    34601	2020-11-09 16:10:43	1	0	15	0
    34601	2020-11-09 16:10:46	1	0	15	0
    34502	2020-11-09 17:01:47	1	0	15	0
    34502	2020-11-09 17:01:49	1	0	15	0
    34301	2020-11-09 17:03:03	1	0	15	0
    34301	2020-11-09 17:03:05	1	0	15	0
    34101	2020-11-09 17:34:34	1	0	15	0
    34401	2020-11-09 17:54:00	1	0	15	0
    34401	2020-11-09 17:54:02	1	0	15	0
    34602	2020-11-10 07:06:43	1	0	15	0
    34601	2020-11-10 08:06:13	1	0	15	0
    34301	2020-11-10 08:14:00	1	0	15	0
    34101	2020-11-10 08:24:56	1	0	15	0
    34101	2020-11-10 08:25:00	1	0	15	0
    34401	2020-11-10 08:58:54	1	0	15	0
    34601	2020-11-10 16:01:18	1	0	15	0
    34601	2020-11-10 16:01:23	1	0	15	0
    34601	2020-11-10 16:01:27	1	0	15	0
    34101	2020-11-10 16:54:51	1	0	15	0
    34602	2020-11-10 17:00:53	1	0	15	0
    34301	2020-11-10 17:01:23	1	0	15	0
    34301	2020-11-10 17:01:26	1	0	15	0
    34401	2020-11-10 17:34:22	1	0	15	0
    34602	2020-11-11 07:04:05	1	0	15	0
    34601	2020-11-11 08:06:52	1	0	15	0
    34601	2020-11-11 08:06:54	1	0	15	0
    34101	2020-11-11 08:17:36	1	0	15	0
    34301	2020-11-11 08:28:35	1	0	15	0
    34401	2020-11-11 09:10:06	1	0	15	0
    34401	2020-11-11 09:10:08	1	0	15	0
    34601	2020-11-11 16:09:44	1	0	15	0
    34601	2020-11-11 16:09:47	1	0	15	0
    34601	2020-11-11 16:09:49	1	0	15	0
    34101	2020-11-11 16:33:09	1	0	15	0
    34602	2020-11-11 17:06:30	1	0	15	0
    34301	2020-11-11 17:09:53	1	0	15	0
    34301	2020-11-11 17:09:56	1	0	15	0
    34401	2020-11-11 18:14:31	1	0	15	0
    34602	2020-11-12 07:20:44	1	0	15	0
    34501	2020-11-12 08:12:51	1	0	15	0
    34501	2020-11-12 08:12:55	1	0	15	0
    34101	2020-11-12 08:16:29	1	0	15	0
    34401	2020-11-12 09:05:14	1	0	15	0
    34101	2020-11-12 14:08:11	1	0	15	0
    34602	2020-11-12 17:12:20	1	0	15	0
    34401	2020-11-12 17:33:27	1	0	15	0
    34501	2020-11-12 17:35:20	1	0	15	0
    34602	2020-11-13 07:54:35	1	0	15	0
    34501	2020-11-13 09:31:19	1	0	15	0
    34501	2020-11-13 09:31:22	1	0	15	0
    34602	2020-11-13 16:20:23	1	0	15	0
    34602	2020-11-13 16:20:26	1	0	15	0
    34501	2020-11-13 16:22:21	1	0	15	0
    34501	2020-11-13 16:22:24	1	0	15	0
    34602	2020-11-14 07:26:03	1	0	15	0
    34502	2020-11-14 08:51:33	1	0	15	0
    34502	2020-11-14 08:51:35	1	0	15	0
    34401	2020-11-14 09:49:39	1	0	15	0
    34602	2020-11-14 13:26:49	1	0	15	0
    34502	2020-11-14 16:22:04	1	0	15	0
    34502	2020-11-14 16:22:06	1	0	15	0
    34401	2020-11-14 17:18:23	1	0	15	0
    34602	2020-11-15 07:06:37	1	0	15	0
    34502	2020-11-15 07:57:02	1	0	15	0
    34502	2020-11-15 07:57:04	1	0	15	0
    34601	2020-11-15 08:08:44	1	0	15	0
    34101	2020-11-15 08:16:01	1	0	15	0
    34301	2020-11-15 08:24:20	1	0	15	0
    34301	2020-11-15 08:24:22	1	0	15	0
    34601	2020-11-15 16:01:05	1	0	15	0
    34502	2020-11-15 17:01:30	1	0	15	0
    34502	2020-11-15 17:01:31	1	0	15	0
    34602	2020-11-15 17:03:09	1	0	15	0
    34301	2020-11-15 18:11:41	1	0	15	0
    34301	2020-11-15 18:11:43	1	0	15	0
    34101	2020-11-15 18:16:13	1	0	15	0
    34602	2020-11-16 07:09:33	1	0	15	0
    34502	2020-11-16 07:37:16	1	0	15	0
    34502	2020-11-16 07:37:19	1	0	15	0
    34101	2020-11-16 08:07:41	1	0	15	0
    34601	2020-11-16 08:11:29	1	0	15	0
    34301	2020-11-16 08:34:10	1	0	15	0
    34301	2020-11-16 08:34:12	1	0	15	0
    34401	2020-11-16 09:12:32	1	0	15	0
    34401	2020-11-16 09:12:34	1	0	15	0
    34601	2020-11-16 16:00:20	1	0	15	0
    34101	2020-11-16 16:28:34	1	0	15	0
    34602	2020-11-16 17:01:19	1	0	15	0
    34502	2020-11-16 17:03:36	1	0	15	0
    34502	2020-11-16 17:03:38	1	0	15	0
    34401	2020-11-16 17:47:13	1	0	15	0
    34301	2020-11-16 19:05:50	1	0	15	0
    34301	2020-11-16 19:05:59	1	0	15	0
    34602	2020-11-17 07:03:45	1	0	15	0
    34101	2020-11-17 08:12:28	1	0	15	0
    34601	2020-11-17 08:12:50	1	0	15	0
    34601	2020-11-17 08:12:52	1	0	15	0
    34502	2020-11-17 08:17:24	1	0	15	0
    34502	2020-11-17 08:17:26	1	0	15	0
    34401	2020-11-17 09:07:49	1	0	15	0
    34601	2020-11-17 16:00:04	1	0	15	0
    34502	2020-11-17 17:01:09	1	0	15	0
    34502	2020-11-17 17:01:11	1	0	15	0
    34401	2020-11-17 17:16:25	1	0	15	0
    34602	2020-11-17 17:17:39	1	0	15	0
    34101	2020-11-17 18:46:35	1	0	15	0
    34602	2020-11-18 07:06:16	1	0	15	0
    34502	2020-11-18 08:07:31	1	0	15	0
    34502	2020-11-18 08:07:33	1	0	15	0
    34601	2020-11-18 08:08:07	1	0	15	0
    34601	2020-11-18 08:08:09	1	0	15	0
    34101	2020-11-18 08:14:55	1	0	15	0
    34101	2020-11-18 08:14:57	1	0	15	0
    34301	2020-11-18 08:30:21	1	0	15	0
    34401	2020-11-18 09:15:48	1	0	15	0
    34601	2020-11-18 16:00:26	1	0	15	0
    34502	2020-11-18 16:37:13	1	0	15	0
    34602	2020-11-18 17:10:27	1	0	15	0
    34602	2020-11-18 17:10:29	1	0	15	0
    34101	2020-11-18 17:23:16	1	0	15	0
    34401	2020-11-18 17:24:23	1	0	15	0
    34602	2020-11-19 07:17:13	1	0	15	0
    34101	2020-11-19 08:08:21	1	0	15	0
    34601	2020-11-19 08:11:05	1	0	15	0
    34501	2020-11-19 08:17:20	1	0	15	0
    34301	2020-11-19 08:28:29	1	0	15	0
    34601	2020-11-19 16:00:11	1	0	15	0
    34101	2020-11-19 16:27:53	1	0	15	0
    34602	2020-11-19 17:04:11	1	0	15	0
    34301	2020-11-19 17:21:19	1	0	15	0
    34301	2020-11-19 17:21:21	1	0	15	0
    34301	2020-11-19 17:21:23	1	0	15	0
    34501	2020-11-19 17:21:30	1	0	15	0
    34501	2020-11-19 17:21:34	1	0	15	0
    34602	2020-11-20 08:19:40	1	0	15	0
    34501	2020-11-20 09:54:38	1	0	15	0
    34602	2020-11-20 16:44:17	1	0	15	0
    34501	2020-11-20 16:48:05	1	0	15	0
    34501	2020-11-20 16:48:07	1	0	15	0
    34602	2020-11-21 07:20:50	1	0	15	0
    34502	2020-11-21 09:08:45	1	0	15	0
    34502	2020-11-21 09:08:47	1	0	15	0
    34602	2020-11-21 15:00:51	1	0	15	0
    34502	2020-11-21 16:16:37	1	0	15	0
    34602	2020-11-22 07:00:57	1	0	15	0
    34502	2020-11-22 08:11:08	1	0	15	0
    34502	2020-11-22 08:11:10	1	0	15	0
    34601	2020-11-22 08:11:17	1	0	15	0
    34601	2020-11-22 08:11:19	1	0	15	0
    34101	2020-11-22 08:22:08	1	0	15	0
    34301	2020-11-22 08:36:02	1	0	15	0
    34401	2020-11-22 09:13:05	1	0	15	0
    34601	2020-11-22 16:02:58	1	0	15	0
    34601	2020-11-22 16:03:01	1	0	15	0
    34502	2020-11-22 17:11:36	1	0	15	0
    34301	2020-11-22 17:12:49	1	0	15	0
    34301	2020-11-22 17:12:51	1	0	15	0
    34401	2020-11-22 17:21:14	1	0	15	0
    34602	2020-11-22 17:48:55	1	0	15	0
    34101	2020-11-22 19:35:51	1	0	15	0
    34602	2020-11-23 07:28:52	1	0	15	0
    34502	2020-11-23 08:01:01	1	0	15	0
    34601	2020-11-23 08:12:51	1	0	15	0
    34601	2020-11-23 08:12:53	1	0	15	0
    34301	2020-11-23 08:14:21	1	0	15	0
    34101	2020-11-23 08:15:58	1	0	15	0
    34101	2020-11-23 08:16:02	1	0	15	0
    34401	2020-11-23 09:16:55	1	0	15	0
    34601	2020-11-23 16:19:46	1	0	15	0
    34502	2020-11-23 17:02:11	1	0	15	0
    34502	2020-11-23 17:02:13	1	0	15	0
    34101	2020-11-23 17:27:05	1	0	15	0
    34401	2020-11-23 17:27:52	1	0	15	0
    34602	2020-11-23 17:35:09	1	0	15	0
    34301	2020-11-23 18:47:42	1	0	15	0
    34301	2020-11-23 18:47:44	1	0	15	0
    34602	2020-11-24 06:51:48	1	0	15	0
    34502	2020-11-24 08:03:43	1	0	15	0
    34502	2020-11-24 08:03:46	1	0	15	0
    34101	2020-11-24 08:21:06	1	0	15	0
    34301	2020-11-24 08:39:46	1	0	15	0
    34301	2020-11-24 08:39:49	1	0	15	0
    34401	2020-11-24 09:00:26	1	0	15	0
    34502	2020-11-24 17:17:42	1	0	15	0
    34502	2020-11-24 17:17:44	1	0	15	0
    34602	2020-11-24 17:46:21	1	0	15	0
    34101	2020-11-24 18:22:06	1	0	15	0
    34401	2020-11-24 18:50:07	1	0	15	0
    34301	2020-11-24 18:57:51	1	0	15	0
    34301	2020-11-24 18:58:21	1	0	15	0
    34602	2020-11-25 07:04:30	1	0	15	0
    34101	2020-11-25 08:10:42	1	0	15	0
    34601	2020-11-25 08:11:04	1	0	15	0
    34601	2020-11-25 08:11:07	1	0	15	0
    34502	2020-11-25 08:21:13	1	0	15	0
    34401	2020-11-25 09:04:35	1	0	15	0
    34401	2020-11-25 09:04:37	1	0	15	0
    34601	2020-11-25 16:02:02	1	0	15	0
    34502	2020-11-25 17:00:37	1	0	15	0
    34502	2020-11-25 17:00:39	1	0	15	0
    34602	2020-11-25 17:18:33	1	0	15	0
    34401	2020-11-25 17:46:52	1	0	15	0
    34101	2020-11-25 18:30:40	1	0	15	0
    34602	2020-11-26 07:13:36	1	0	15	0
    34101	2020-11-26 08:10:46	1	0	15	0
    34601	2020-11-26 08:11:34	1	0	15	0
    34601	2020-11-26 08:11:36	1	0	15	0
    34301	2020-11-26 08:20:17	1	0	15	0
    34301	2020-11-26 08:20:22	1	0	15	0
    34301	2020-11-26 08:20:24	1	0	15	0
    34501	2020-11-26 08:23:24	1	0	15	0
    34401	2020-11-26 09:16:24	1	0	15	0
    34601	2020-11-26 16:01:40	1	0	15	0
    34101	2020-11-26 16:07:14	1	1	15	0
    34501	2020-11-26 16:54:58	1	1	15	0
    34501	2020-11-26 16:55:02	1	1	15	0
    34501	2020-11-26 16:55:03	1	1	15	0
    34401	2020-11-26 17:57:47	1	1	15	0
    34602	2020-11-26 18:59:49	1	1	15	0
    34301	2020-11-26 19:23:16	1	1	15	0
    34301	2020-11-26 19:23:18	1	1	15	0
    34301	2020-11-26 19:23:20	1	1	15	0
    34501	2020-11-27 09:31:55	1	1	15	0
    34602	2020-11-27 09:57:47	1	1	15	0
    34501	2020-11-27 16:58:05	1	0	15	0
    34501	2020-11-27 16:58:07	1	0	15	0
    34602	2020-11-27 16:58:57	1	0	15	0
    34602	2020-11-28 06:51:16	1	0	15	0
    34502	2020-11-28 09:03:50	1	0	15	0
    34602	2020-11-28 13:26:00	1	0	15	0
    34502	2020-11-28 16:00:31	1	0	15	0
    34602	2020-11-29 07:06:17	1	0	15	0
    34601	2020-11-29 08:03:55	1	0	15	0
    34502	2020-11-29 08:10:51	1	0	15	0
    34502	2020-11-29 08:10:53	1	0	15	0
    34101	2020-11-29 08:12:46	1	0	15	0
    34301	2020-11-29 08:38:52	1	0	15	0
    34301	2020-11-29 08:38:54	1	0	15	0
    34401	2020-11-29 09:02:54	1	0	15	0
    34601	2020-11-29 16:02:41	1	0	15	0
    34601	2020-11-29 16:02:43	1	0	15	0
    34301	2020-11-29 16:35:20	1	0	15	0
    34502	2020-11-29 17:01:11	1	0	15	0
    34602	2020-11-29 17:01:32	1	0	15	0
    34101	2020-11-29 17:04:12	1	0	15	0
    34101	2020-11-29 17:04:14	1	0	15	0
    34401	2020-11-29 17:06:16	1	0	15	0
    34602	2020-11-30 07:05:01	1	0	15	0
    34601	2020-11-30 08:04:12	1	0	15	0
    34101	2020-11-30 08:10:09	1	0	15	0
    34502	2020-11-30 08:14:46	1	0	15	0
    34502	2020-11-30 08:14:48	1	0	15	0
    34301	2020-11-30 08:18:53	1	0	15	0
    34301	2020-11-30 08:18:55	1	0	15	0
    34401	2020-11-30 09:12:00	1	0	15	0
    34401	2020-11-30 09:12:02	1	0	15	0
    34601	2020-11-30 16:04:28	1	0	15	0
    34601	2020-11-30 16:04:30	1	0	15	0
    34101	2020-11-30 16:06:04	1	0	15	0
    34101	2020-11-30 16:06:06	1	0	15	0
    34602	2020-11-30 17:28:55	1	0	15	0
    34401	2020-11-30 18:15:25	1	0	15	0
    34401	2020-11-30 18:15:27	1	0	15	0
    34502	2020-11-30 18:15:41	1	0	15	0
    34301	2020-11-30 18:16:13	1	0	15	0
    34301	2020-11-30 18:16:15	1	0	15	0
    34602	2020-12-01 06:59:10	1	0	15	0
    34602	2020-12-01 06:59:12	1	0	15	0
    34502	2020-12-01 08:04:22	1	0	15	0
    34601	2020-12-01 08:07:14	1	0	15	0
    34601	2020-12-01 08:07:16	1	0	15	0
    34101	2020-12-01 08:11:13	1	0	15	0
    34301	2020-12-01 08:21:43	1	0	15	0
    34401	2020-12-01 09:08:23	1	0	15	0
    34601	2020-12-01 16:05:37	1	0	15	0
    34101	2020-12-01 16:44:05	1	0	15	0
    34602	2020-12-01 17:02:40	1	0	15	0
    34502	2020-12-01 17:03:27	1	0	15	0
    34502	2020-12-01 17:03:29	1	0	15	0
    34301	2020-12-01 17:04:28	1	0	15	0
    34401	2020-12-01 17:05:57	1	0	15	0
    34602	2020-12-02 06:59:13	1	0	15	0
    34101	2020-12-02 08:13:04	1	0	15	0
    34502	2020-12-02 08:13:21	1	0	15	0
    34502	2020-12-02 08:13:22	1	0	15	0
    34601	2020-12-02 08:13:29	1	0	15	0
    34601	2020-12-02 08:13:38	1	0	15	0
    34301	2020-12-02 08:25:03	1	0	15	0
    34401	2020-12-02 09:16:55	1	0	15	0
    34101	2020-12-02 16:06:17	1	0	15	0
    34601	2020-12-02 16:06:35	1	0	15	0
    34601	2020-12-02 16:06:36	1	0	15	0
    34601	2020-12-02 16:07:39	1	0	15	0
    34301	2020-12-02 17:00:46	1	0	15	0
    34301	2020-12-02 17:00:52	1	0	15	0
    34301	2020-12-02 17:00:54	1	0	15	0
    34502	2020-12-02 17:03:22	1	0	15	0
    34602	2020-12-02 17:08:04	1	0	15	0
    34602	2020-12-02 17:08:06	1	0	15	0
    34401	2020-12-02 17:56:02	1	0	15	0
    34401	2020-12-02 17:56:04	1	0	15	0
    34602	2020-12-03 07:03:54	1	0	15	0
    34101	2020-12-03 08:06:26	1	0	15	0
    34101	2020-12-03 08:06:28	1	0	15	0
    34601	2020-12-03 08:07:38	1	0	15	0
    34601	2020-12-03 08:07:43	1	0	15	0
    34601	2020-12-03 08:07:46	1	0	15	0
    34601	2020-12-03 08:07:49	1	0	15	0
    34501	2020-12-03 08:08:32	1	0	15	0
    34301	2020-12-03 08:31:38	1	0	15	0
    34301	2020-12-03 08:31:42	1	0	15	0
    34401	2020-12-03 08:58:25	1	0	15	0
    34401	2020-12-03 08:58:27	1	0	15	0
    34601	2020-12-03 16:01:36	1	0	15	0
    34601	2020-12-03 16:01:38	1	0	15	0
    34101	2020-12-03 16:02:33	1	0	15	0
    34501	2020-12-03 17:19:40	1	0	15	0
    34501	2020-12-03 17:19:42	1	0	15	0
    34501	2020-12-03 17:19:45	1	0	15	0
    34401	2020-12-03 17:20:08	1	0	15	0
    34301	2020-12-03 17:31:36	1	0	15	0
    34301	2020-12-03 17:31:39	1	0	15	0
    34602	2020-12-03 17:43:51	1	0	15	0
    34602	2020-12-04 08:32:07	1	0	15	0
    34602	2020-12-04 08:32:09	1	0	15	0
    34501	2020-12-04 09:22:16	1	0	15	0
    34501	2020-12-04 09:22:18	1	0	15	0
    34602	2020-12-04 16:41:42	1	0	15	0
    34501	2020-12-04 19:05:53	1	0	15	0
    34501	2020-12-04 19:05:54	1	0	15	0
    34602	2020-12-05 07:20:00	1	0	15	0
    34502	2020-12-05 09:02:25	1	0	15	0
    34401	2020-12-05 10:08:01	1	0	15	0
    34401	2020-12-05 10:08:03	1	0	15	0
    34602	2020-12-05 13:07:44	1	0	15	0
    34502	2020-12-05 16:07:48	1	0	15	0
    34401	2020-12-05 18:07:09	1	0	15	0
    34602	2020-12-06 06:54:57	1	0	15	0
    34601	2020-12-06 08:03:22	1	0	15	0
    34601	2020-12-06 08:03:24	1	0	15	0
    34101	2020-12-06 08:15:03	1	0	15	0
    34101	2020-12-06 08:15:05	1	0	15	0
    34502	2020-12-06 08:20:48	1	0	15	0
    34301	2020-12-06 08:22:49	1	0	15	0
    34401	2020-12-06 09:24:14	1	0	15	0
    34601	2020-12-06 16:00:07	1	0	15	0
    34601	2020-12-06 16:00:09	1	0	15	0
    34602	2020-12-06 17:10:43	1	0	15	0
    34502	2020-12-06 17:18:12	1	0	15	0
    34502	2020-12-06 17:18:13	1	0	15	0
    34101	2020-12-06 17:22:53	1	0	15	0
    34301	2020-12-06 17:28:51	1	0	15	0
    34602	2020-12-07 07:05:50	1	0	15	0
    34101	2020-12-07 08:04:02	1	0	15	0
    34101	2020-12-07 08:04:04	1	0	15	0
    34601	2020-12-07 08:10:48	1	0	15	0
    34601	2020-12-07 08:10:50	1	0	15	0
    34301	2020-12-07 08:20:23	1	0	15	0
    34401	2020-12-07 09:07:21	1	0	15	0
    34601	2020-12-07 16:00:05	1	0	15	0
    34101	2020-12-07 16:35:15	1	0	15	0
    34602	2020-12-07 17:01:44	1	0	15	0
    34301	2020-12-07 17:02:51	1	0	15	0
    34401	2020-12-07 17:39:00	1	0	15	0
    34602	2020-12-08 07:03:30	1	0	15	0
    34601	2020-12-08 08:03:00	1	0	15	0
    34601	2020-12-08 08:03:02	1	0	15	0
    34101	2020-12-08 08:05:50	1	0	15	0
    34301	2020-12-08 08:20:48	1	0	15	0
    34401	2020-12-08 09:02:47	1	0	15	0
    34401	2020-12-08 09:02:49	1	0	15	0
    34601	2020-12-08 16:01:46	1	0	15	0
    34101	2020-12-08 16:25:18	1	0	15	0
    34401	2020-12-08 17:11:42	1	0	15	0
    34301	2020-12-08 17:11:56	1	0	15	0
    34602	2020-12-08 17:40:14	1	0	15	0
    34602	2020-12-09 07:03:28	1	0	15	0
    34502	2020-12-09 08:06:39	1	0	15	0
    34502	2020-12-09 08:06:41	1	0	15	0
    34101	2020-12-09 08:07:56	1	0	15	0
    34401	2020-12-09 09:14:35	1	0	15	0
    34101	2020-12-09 16:17:45	1	0	15	0
    34602	2020-12-09 17:01:26	1	0	15	0
    34502	2020-12-09 17:38:11	1	0	15	0
    34502	2020-12-09 17:38:13	1	0	15	0
    34401	2020-12-09 17:39:54	1	0	15	0
    34602	2020-12-10 06:59:19	1	0	15	0
    34502	2020-12-10 08:04:25	1	0	15	0
    34501	2020-12-10 08:12:05	1	0	15	0
    34101	2020-12-10 08:23:47	1	0	15	0
    34101	2020-12-10 16:10:55	1	0	15	0
    34101	2020-12-10 16:11:10	1	0	15	0
    34101	2020-12-10 16:11:12	1	0	15	0
    34501	2020-12-10 17:35:06	1	0	15	0
    34501	2020-12-10 17:35:08	1	0	15	0
    34502	2020-12-10 17:39:32	1	0	15	0
    34502	2020-12-10 17:39:35	1	0	15	0
    34602	2020-12-10 17:47:16	1	0	15	0
    34602	2020-12-11 07:59:44	1	0	15	0
    34501	2020-12-11 10:00:23	1	0	15	0
    34501	2020-12-11 10:00:25	1	0	15	0
    34602	2020-12-11 16:58:58	1	0	15	0
    34602	2020-12-11 16:59:21	1	0	15	0
    34501	2020-12-11 16:59:37	1	0	15	0
    34501	2020-12-11 16:59:39	1	0	15	0
    34602	2020-12-12 06:59:40	1	0	15	0
    34502	2020-12-12 09:33:52	1	0	15	0
    34602	2020-12-12 13:45:40	1	0	15	0
    34502	2020-12-12 16:33:49	1	0	15	0
    34502	2020-12-12 16:33:52	1	0	15	0
    34602	2020-12-13 07:16:12	1	0	15	0
    34601	2020-12-13 08:07:38	1	0	15	0
    34502	2020-12-13 08:10:01	1	0	15	0
    34501	2020-12-13 08:16:57	1	0	15	0
    34301	2020-12-13 08:22:26	1	0	15	0
    34101	2020-12-13 08:24:39	1	0	15	0
    34601	2020-12-13 16:00:19	1	0	15	0
    34601	2020-12-13 16:00:21	1	0	15	0
    34301	2020-12-13 16:05:44	1	0	15	0
    34502	2020-12-13 16:11:09	1	0	15	0
    34502	2020-12-13 16:11:11	1	0	15	0
    34602	2020-12-13 17:03:06	1	0	15	0
    34602	2020-12-13 17:03:08	1	0	15	0
    34501	2020-12-13 17:07:13	1	0	15	0
    34101	2020-12-13 17:07:34	1	0	15	0
    34602	2020-12-14 07:10:55	1	0	15	0
    34601	2020-12-14 08:03:33	1	0	15	0
    34601	2020-12-14 08:03:36	1	0	15	0
    34501	2020-12-14 08:18:38	1	0	15	0
    34301	2020-12-14 08:22:20	1	0	15	0
    34301	2020-12-14 08:22:22	1	0	15	0
    34502	2020-12-14 08:23:54	1	0	15	0
    34502	2020-12-14 08:23:56	1	0	15	0
    34101	2020-12-14 08:26:54	1	0	15	0
    34601	2020-12-14 16:01:38	1	0	15	0
    34601	2020-12-14 16:01:46	1	0	15	0
    34501	2020-12-14 16:02:05	1	0	15	0
    34502	2020-12-14 17:05:50	1	0	15	0
    34502	2020-12-14 17:05:52	1	0	15	0
    34101	2020-12-14 17:30:15	1	0	15	0
    34101	2020-12-14 17:30:17	1	0	15	0
    34301	2020-12-14 17:32:46	1	0	15	0
    34602	2020-12-14 18:00:18	1	0	15	0
    34602	2020-12-15 06:49:33	1	0	15	0
    34601	2020-12-15 08:10:55	1	0	15	0
    34601	2020-12-15 08:10:57	1	0	15	0
    34501	2020-12-15 08:22:57	1	0	15	0
    34101	2020-12-15 08:31:58	1	0	15	0
    34101	2020-12-15 08:32:02	1	0	15	0
    34401	2020-12-15 08:50:33	1	0	15	0
    34601	2020-12-15 16:00:21	1	0	15	0
    34601	2020-12-15 16:00:23	1	0	15	0
    34602	2020-12-15 17:01:56	1	0	15	0
    34101	2020-12-15 17:15:14	1	0	15	0
    34101	2020-12-15 17:15:16	1	0	15	0
    34501	2020-12-15 17:19:54	1	0	15	0
    34401	2020-12-15 17:45:39	1	0	15	0
    34602	2020-12-16 07:01:42	1	0	15	0
    34101	2020-12-16 07:54:12	1	0	15	0
    34101	2020-12-16 07:54:14	1	0	15	0
    34501	2020-12-16 08:22:40	1	0	15	0
    34401	2020-12-16 09:42:57	1	0	15	0
    34101	2020-12-16 16:34:43	1	0	15	0
    34602	2020-12-16 17:03:45	1	0	15	0
    34401	2020-12-16 17:04:05	1	0	15	0
    34501	2020-12-16 17:05:24	1	0	15	0
    34602	2020-12-17 07:23:47	1	0	15	0
    34101	2020-12-17 08:01:40	1	0	15	0
    34301	2020-12-17 08:08:02	1	0	15	0
    34301	2020-12-17 08:08:04	1	0	15	0
    34601	2020-12-17 08:13:39	1	0	15	0
    34601	2020-12-17 08:13:41	1	0	15	0
    34501	2020-12-17 08:28:09	1	0	15	0
    34501	2020-12-17 08:28:11	1	0	15	0
    34401	2020-12-17 09:02:58	1	0	15	0
    34401	2020-12-17 09:03:10	1	0	15	0
    34601	2020-12-17 16:00:47	1	0	15	0
    34602	2020-12-17 17:03:50	1	0	15	0
    34401	2020-12-17 17:24:17	1	0	15	0
    34501	2020-12-17 17:24:53	1	0	15	0
    34101	2020-12-17 17:28:07	1	0	15	0
    34301	2020-12-17 18:14:43	1	0	15	0
    34602	2020-12-18 07:59:30	1	0	15	0
    34501	2020-12-18 09:59:52	1	0	15	0
    34501	2020-12-18 09:59:54	1	0	15	0
    34602	2020-12-18 17:05:40	1	0	15	0
    34501	2020-12-18 17:08:31	1	0	15	0
    34501	2020-12-18 17:08:37	1	0	15	0
    34501	2020-12-18 17:08:39	1	0	15	0
    34602	2020-12-19 07:03:11	1	0	15	0
    34502	2020-12-19 09:13:53	1	0	15	0
    34602	2020-12-19 14:04:45	1	0	15	0
    34502	2020-12-19 16:32:46	1	0	15	0
    34502	2020-12-19 16:32:48	1	0	15	0
    34602	2020-12-20 06:58:41	1	0	15	0
    34502	2020-12-20 08:09:15	1	0	15	0
    34601	2020-12-20 08:09:23	1	0	15	0
    34601	2020-12-20 08:09:24	1	0	15	0
    34301	2020-12-20 08:16:49	1	0	15	0
    34301	2020-12-20 08:16:51	1	0	15	0
    34501	2020-12-20 08:24:19	1	0	15	0
    34501	2020-12-20 08:24:21	1	0	15	0
    34101	2020-12-20 08:24:41	1	0	15	0
    34601	2020-12-20 16:00:24	1	0	15	0
    34502	2020-12-20 16:04:06	1	0	15	0
    34502	2020-12-20 16:04:09	1	0	15	0
    34602	2020-12-20 17:08:31	1	0	15	0
    34101	2020-12-20 17:16:30	1	0	15	0
    34101	2020-12-20 17:16:34	1	0	15	0
    34501	2020-12-20 17:18:55	1	0	15	0
    34301	2020-12-20 18:25:27	1	0	15	0
    34301	2020-12-20 18:25:29	1	0	15	0
    34602	2020-12-21 07:08:05	1	0	15	0
    34601	2020-12-21 08:03:13	1	0	15	0
    34601	2020-12-21 08:03:15	1	0	15	0
    34502	2020-12-21 08:05:24	1	0	15	0
    34502	2020-12-21 08:05:26	1	0	15	0
    34501	2020-12-21 08:24:03	1	0	15	0
    34501	2020-12-21 08:24:05	1	0	15	0
    34301	2020-12-21 08:27:58	1	0	15	0
    34101	2020-12-21 08:50:24	1	0	15	0
    34601	2020-12-21 16:02:54	1	0	15	0
    34601	2020-12-21 16:02:56	1	0	15	0
    34502	2020-12-21 16:24:28	1	0	15	0
    34502	2020-12-21 16:24:30	1	0	15	0
    34301	2020-12-21 16:35:58	1	0	15	0
    34301	2020-12-21 16:36:00	1	0	15	0
    34602	2020-12-21 17:01:10	1	0	15	0
    34602	2020-12-21 17:01:11	1	0	15	0
    34101	2020-12-21 17:01:32	1	0	15	0
    34501	2020-12-21 17:51:18	1	0	15	0
    34501	2020-12-21 17:51:20	1	0	15	0
    34501	2020-12-21 17:51:22	1	0	15	0
    34602	2020-12-22 06:55:35	1	0	15	0
    34601	2020-12-22 08:07:23	1	0	15	0
    34601	2020-12-22 08:07:25	1	0	15	0
    34101	2020-12-22 08:13:31	1	0	15	0
    34301	2020-12-22 08:26:47	1	0	15	0
    34301	2020-12-22 08:26:49	1	0	15	0
    34501	2020-12-22 08:26:57	1	0	15	0
    34501	2020-12-22 08:26:59	1	0	15	0
    34501	2020-12-22 08:27:01	1	0	15	0
    34601	2020-12-22 16:01:35	1	0	15	0
    34601	2020-12-22 16:01:37	1	0	15	0
    34101	2020-12-22 16:01:55	1	0	15	0
    34301	2020-12-22 17:02:21	1	0	15	0
    34501	2020-12-22 17:51:21	1	0	15	0
    34501	2020-12-22 17:51:23	1	0	15	0
    34602	2020-12-22 19:37:51	1	0	15	0
    34602	2020-12-23 07:53:16	1	0	15	0
    34601	2020-12-23 08:11:23	1	0	15	0
    34601	2020-12-23 08:11:25	1	0	15	0
    34501	2020-12-23 08:28:01	1	0	15	0
    34301	2020-12-23 08:33:18	1	0	15	0
    34101	2020-12-23 08:35:30	1	0	15	0
    34101	2020-12-23 08:35:33	1	0	15	0
    34101	2020-12-23 14:00:32	1	0	15	0
    90205	2020-12-23 14:02:28	1	0	15	0
    90205	2020-12-23 14:02:30	1	0	15	0
    34301	2020-12-23 16:00:58	1	0	15	0
    34601	2020-12-23 16:01:40	1	0	15	0
    34601	2020-12-23 16:01:42	1	0	15	0
    34602	2020-12-23 17:01:24	1	0	15	0
    34501	2020-12-23 17:09:51	1	0	15	0
    34501	2020-12-23 17:09:53	1	0	15	0
    34101	2020-12-23 17:10:01	1	0	15	0
    34101	2020-12-23 17:10:03	1	0	15	0
    90205	2020-12-23 17:17:17	1	0	15	0
    90205	2020-12-23 17:17:19	1	0	15	0
    90205	2020-12-23 17:17:20	1	0	15	0
    90205	2020-12-23 17:17:22	1	0	15	0
    90205	2020-12-23 17:17:24	1	0	15	0
    34602	2020-12-24 07:02:25	1	0	15	0
    34101	2020-12-24 07:59:07	1	0	15	0
    34601	2020-12-24 08:14:26	1	0	15	0
    34301	2020-12-24 08:18:13	1	0	15	0
    34301	2020-12-24 08:18:14	1	0	15	0
    34501	2020-12-24 08:28:45	1	0	15	0
    34501	2020-12-24 08:28:51	1	0	15	0
    34501	2020-12-24 08:28:53	1	0	15	0
    34401	2020-12-24 08:53:59	1	0	15	0
    90205	2020-12-24 09:07:16	1	0	15	0
    90205	2020-12-24 09:07:57	1	0	15	0
    90205	2020-12-24 09:07:58	1	0	15	0
    34101	2020-12-24 15:00:45	1	0	15	0
    34101	2020-12-24 15:00:47	1	0	15	0
    34601	2020-12-24 16:00:13	1	0	15	0
    34601	2020-12-24 16:00:15	1	0	15	0
    90205	2020-12-24 17:02:06	1	0	15	0
    90205	2020-12-24 17:02:08	1	0	15	0
    34602	2020-12-24 17:04:21	1	0	15	0
    34401	2020-12-24 17:09:44	1	0	15	0
    34501	2020-12-24 17:11:51	1	0	15	0
    34501	2020-12-24 17:11:53	1	0	15	0
    34301	2020-12-24 17:38:31	1	0	15	0
    34301	2020-12-24 17:38:33	1	0	15	0
    34602	2020-12-25 09:03:51	1	0	15	0
    34501	2020-12-25 10:00:42	1	0	15	0
    34501	2020-12-25 10:00:43	1	0	15	0
    34602	2020-12-25 16:25:00	1	0	15	0
    34501	2020-12-25 17:11:04	1	0	15	0
    34502	2020-12-26 08:56:04	1	0	15	0
    34502	2020-12-26 08:56:06	1	0	15	0
    34602	2020-12-26 09:15:03	1	0	15	0
    34602	2020-12-26 13:53:58	1	0	15	0
    34502	2020-12-26 16:00:59	1	0	15	0
    34602	2020-12-27 07:04:47	1	0	15	0
    34601	2020-12-27 08:02:35	1	0	15	0
    34601	2020-12-27 08:02:37	1	0	15	0
    34502	2020-12-27 08:04:42	1	0	15	0
    34502	2020-12-27 08:04:44	1	0	15	0
    34301	2020-12-27 08:21:57	1	0	15	0
    34101	2020-12-27 08:22:13	1	0	15	0
    34101	2020-12-27 08:22:19	1	0	15	0
    34501	2020-12-27 08:24:44	1	0	15	0
    34401	2020-12-27 08:58:30	1	0	15	0
    34401	2020-12-27 08:58:32	1	0	15	0
    90205	2020-12-27 09:13:14	1	0	15	0
    90205	2020-12-27 09:13:16	1	0	15	0
    34301	2020-12-27 16:05:13	1	0	15	0
    34601	2020-12-27 16:06:42	1	0	15	0
    34501	2020-12-27 16:15:20	1	0	15	0
    34502	2020-12-27 17:03:37	1	0	15	0
    34502	2020-12-27 17:03:38	1	0	15	0
    34401	2020-12-27 17:10:04	1	0	15	0
    34602	2020-12-27 17:16:00	1	0	15	0
    90205	2020-12-27 17:23:55	1	0	15	0
    90205	2020-12-27 17:23:57	1	0	15	0
    90205	2020-12-27 17:23:58	1	0	15	0
    34101	2020-12-27 17:24:37	1	0	15	0
    34602	2020-12-28 06:59:28	1	0	15	0
    34502	2020-12-28 08:10:00	1	0	15	0
    34502	2020-12-28 08:10:02	1	0	15	0
    34601	2020-12-28 08:12:23	1	0	15	0
    34301	2020-12-28 08:18:45	1	0	15	0
    34501	2020-12-28 08:29:47	1	0	15	0
    34101	2020-12-28 08:38:23	1	0	15	0
    34401	2020-12-28 08:52:26	1	0	15	0
    90205	2020-12-28 09:12:07	1	0	15	0
    90205	2020-12-28 09:12:09	1	0	15	0
    34601	2020-12-28 16:01:37	1	0	15	0
    34601	2020-12-28 16:01:39	1	0	15	0
    34501	2020-12-28 16:19:23	1	0	15	0
    34501	2020-12-28 16:19:25	1	0	15	0
    34502	2020-12-28 17:08:02	1	0	15	0
    34602	2020-12-28 17:14:42	1	0	15	0
    34101	2020-12-28 17:15:25	1	0	15	0
    90205	2020-12-28 17:19:55	1	0	15	0
    90205	2020-12-28 17:19:57	1	0	15	0
    34401	2020-12-28 17:20:05	1	0	15	0
    90205	2020-12-28 17:20:21	1	0	15	0
    90205	2020-12-28 17:20:23	1	0	15	0
    34301	2020-12-28 18:14:21	1	0	15	0
    34301	2020-12-28 18:14:25	1	0	15	0
    34602	2020-12-29 06:59:26	1	0	15	0
    34601	2020-12-29 08:11:42	1	0	15	0
    34601	2020-12-29 08:11:45	1	0	15	0
    34301	2020-12-29 08:23:56	1	0	15	0
    34301	2020-12-29 08:23:58	1	0	15	0
    34501	2020-12-29 08:30:16	1	0	15	0
    34501	2020-12-29 08:30:17	1	0	15	0
    34101	2020-12-29 08:31:53	1	0	15	0
    34401	2020-12-29 09:05:23	1	0	15	0
    90205	2020-12-29 09:15:05	1	0	15	0
    90205	2020-12-29 09:15:17	1	0	15	0
    90205	2020-12-29 09:15:32	1	0	15	0
    34601	2020-12-29 16:19:08	1	0	15	0
    34601	2020-12-29 16:19:10	1	0	15	0
    34301	2020-12-29 17:13:20	1	0	15	0
    34301	2020-12-29 17:13:22	1	0	15	0
    34401	2020-12-29 17:14:47	1	0	15	0
    34602	2020-12-29 17:21:18	1	0	15	0
    34501	2020-12-29 17:21:40	1	0	15	0
    34501	2020-12-29 17:21:44	1	0	15	0
    90205	2020-12-29 17:27:21	1	0	15	0
    90205	2020-12-29 17:27:24	1	0	15	0
    34101	2020-12-29 17:45:14	1	0	15	0
    34602	2020-12-30 07:08:11	1	0	15	0
    34502	2020-12-30 08:06:38	1	0	15	0
    34502	2020-12-30 08:06:40	1	0	15	0
    34601	2020-12-30 08:10:47	1	0	15	0
    34601	2020-12-30 08:10:50	1	0	15	0
    34301	2020-12-30 08:25:43	1	0	15	0
    34101	2020-12-30 08:32:39	1	0	15	0
    34401	2020-12-30 09:08:24	1	0	15	0
    90205	2020-12-30 09:11:42	1	0	15	0
    90205	2020-12-30 09:11:44	1	0	15	0
    90205	2020-12-30 09:11:46	1	0	15	0
    34601	2020-12-30 16:01:34	1	0	15	0
    34601	2020-12-30 16:01:36	1	0	15	0
    34301	2020-12-30 17:02:02	1	0	15	0
    34301	2020-12-30 17:02:04	1	0	15	0
    34602	2020-12-30 17:09:20	1	0	15	0
    34602	2020-12-30 17:09:22	1	0	15	0
    34602	2020-12-30 17:09:35	1	0	15	0
    34502	2020-12-30 17:12:10	1	0	15	0
    34401	2020-12-30 17:12:55	1	0	15	0
    34101	2020-12-30 17:23:32	1	0	15	0
    34101	2020-12-30 17:23:34	1	0	15	0
    90205	2020-12-30 18:09:09	1	0	15	0
    90205	2020-12-30 18:09:11	1	0	15	0
    90205	2020-12-30 18:09:14	1	0	15	0
    34602	2020-12-31 06:57:03	1	0	15	0
    34601	2020-12-31 08:08:38	1	0	15	0
    34502	2020-12-31 08:09:53	1	0	15	0
    34502	2020-12-31 08:09:55	1	0	15	0
    34501	2020-12-31 08:26:20	1	0	15	0
    34101	2020-12-31 08:36:24	1	0	15	0
    34401	2020-12-31 09:02:54	1	0	15	0
    90205	2020-12-31 09:04:00	1	0	15	0
    90205	2020-12-31 09:04:02	1	0	15	0
    34601	2020-12-31 16:00:38	1	0	15	0
    34101	2020-12-31 16:09:07	1	0	15	0
    34602	2020-12-31 17:08:12	1	0	15	0
    34401	2020-12-31 17:13:38	1	0	15	0
    90205	2020-12-31 17:18:43	1	0	15	0
    90205	2020-12-31 17:18:45	1	0	15	0
    34501	2020-12-31 17:19:38	1	0	15	0
    34502	2020-12-31 17:26:58	1	0	15	0
    34501	2021-01-01 08:36:45	1	0	15	0
    34501	2021-01-01 08:36:47	1	0	15	0
    34401	2021-01-01 10:08:29	1	0	15	0
    34502	2021-01-01 10:34:17	1	0	15	0
    34502	2021-01-01 10:34:19	1	0	15	0
    34602	2021-01-01 10:40:14	1	0	15	0
    34501	2021-01-01 16:59:59	1	0	15	0
    34501	2021-01-01 17:00:01	1	0	15	0
    34501	2021-01-01 17:00:03	1	0	15	0
    34401	2021-01-01 17:58:10	1	0	15	0
    34602	2021-01-01 18:02:48	1	0	15	0
    34502	2021-01-01 18:15:44	1	0	15	0
    34602	2021-01-02 07:41:13	1	0	15	0
    34502	2021-01-02 08:48:49	1	0	15	0
    34502	2021-01-02 08:48:51	1	0	15	0
    34502	2021-01-02 16:11:11	1	0	15	0
    34502	2021-01-02 16:11:13	1	0	15	0
    34602	2021-01-02 17:11:58	1	0	15	0
    34502	2021-01-03 08:12:20	1	0	15	0
    34601	2021-01-03 08:14:34	1	0	15	0
    34601	2021-01-03 08:14:35	1	0	15	0
    34301	2021-01-03 08:17:20	1	0	15	0
    34501	2021-01-03 08:21:10	1	0	15	0
    34501	2021-01-03 08:21:12	1	0	15	0
    34101	2021-01-03 08:33:33	1	0	15	0
    34401	2021-01-03 08:55:40	1	0	15	0
    90205	2021-01-03 09:05:12	1	0	15	0
    90205	2021-01-03 09:05:20	1	0	15	0
    34301	2021-01-03 16:00:53	1	1	15	0
    34601	2021-01-03 16:04:25	1	1	15	0
    34601	2021-01-03 16:04:27	1	1	15	0
    34502	2021-01-03 16:09:12	1	1	15	0
    90205	2021-01-03 17:05:32	1	1	15	0
    34101	2021-01-03 17:17:17	1	1	15	0
    34501	2021-01-03 17:41:04	1	1	15	0
    34401	2021-01-03 18:15:08	1	1	15	0
    34602	2021-01-04 06:59:44	1	1	15	0
    34502	2021-01-04 08:07:19	1	1	15	0
    34601	2021-01-04 08:12:19	1	1	15	0
    34101	2021-01-04 08:17:43	1	1	15	0
    34101	2021-01-04 08:17:44	1	1	15	0
    34501	2021-01-04 08:21:18	1	1	15	0
    34501	2021-01-04 08:21:20	1	1	15	0
    90205	2021-01-04 09:01:24	1	1	15	0
    34301	2021-01-04 11:19:34	1	1	15	0
    34301	2021-01-04 16:03:16	1	1	15	0
    34501	2021-01-04 16:10:03	1	1	15	0
    34501	2021-01-04 16:10:09	1	1	15	0
    34601	2021-01-04 16:26:11	1	1	15	0
    34601	2021-01-04 16:26:14	1	1	15	0
    34502	2021-01-04 17:01:08	1	1	15	0
    34502	2021-01-04 17:01:10	1	1	15	0
    34602	2021-01-04 17:02:26	1	1	15	0
    90205	2021-01-04 17:18:27	1	1	15	0
    34101	2021-01-04 17:35:20	1	1	15	0
    34101	2021-01-04 17:35:22	1	1	15	0
    34602	2021-01-05 07:02:34	1	1	15	0
    34502	2021-01-05 08:10:40	1	0	15	0
    34601	2021-01-05 08:11:45	1	0	15	0
    34301	2021-01-05 08:15:57	1	0	15	0
    34301	2021-01-05 08:15:59	1	0	15	0
    34501	2021-01-05 08:24:23	1	0	15	0
    34101	2021-01-05 08:30:19	1	0	15	0
    34601	2021-01-05 16:01:51	1	0	15	0
    34601	2021-01-05 16:01:53	1	0	15	0
    34101	2021-01-05 16:02:44	1	0	15	0
    34301	2021-01-05 16:03:07	1	0	15	0
    34602	2021-01-05 17:15:39	1	0	15	0
    34502	2021-01-05 17:17:52	1	0	15	0
    34501	2021-01-05 17:33:36	1	0	15	0
    34501	2021-01-05 17:33:39	1	0	15	0
    34602	2021-01-06 07:02:31	1	0	15	0
    34502	2021-01-06 08:15:30	1	0	15	0
    34301	2021-01-06 08:15:39	1	0	15	0
    34101	2021-01-06 08:44:05	1	0	15	0
    34602	2021-01-06 17:02:46	1	0	15	0
    34301	2021-01-06 17:03:40	1	0	15	0
    34301	2021-01-06 17:03:51	1	0	15	0
    34101	2021-01-06 17:05:12	1	0	15	0
    34101	2021-01-06 17:05:14	1	0	15	0
    34502	2021-01-06 17:20:47	1	0	15	0
    34602	2021-01-07 07:31:06	1	0	15	0
    34501	2021-01-07 09:23:13	1	0	15	0
    34301	2021-01-07 10:36:58	1	0	15	0
    34501	2021-01-07 16:41:02	1	0	15	0
    34501	2021-01-07 16:41:04	1	0	15	0
    34602	2021-01-07 16:41:18	1	0	15	0
    34602	2021-01-07 16:41:24	1	0	15	0
    34301	2021-01-07 18:00:28	1	0	15	0
    34301	2021-01-07 18:02:22	1	0	15	0
    34301	2021-01-07 18:02:24	1	0	15	0
    34602	2021-01-08 08:09:27	1	0	15	0
    34501	2021-01-08 09:15:36	1	0	15	0
    34501	2021-01-08 09:15:39	1	0	15	0
    34602	2021-01-08 16:25:20	1	0	15	0
    34602	2021-01-08 16:25:22	1	0	15	0
    34501	2021-01-08 16:26:28	1	0	15	0
    34501	2021-01-08 16:26:30	1	0	15	0
    34501	2021-01-08 16:26:32	1	0	15	0
    34602	2021-01-09 08:11:18	1	0	15	0
    34502	2021-01-09 08:26:08	1	0	15	0
    34301	2021-01-09 10:19:47	1	0	15	0
    34301	2021-01-09 10:19:49	1	0	15	0
    34502	2021-01-09 16:05:52	1	0	15	0
    34602	2021-01-09 17:25:30	1	0	15	0
    34301	2021-01-09 18:27:45	1	0	15	0
    34301	2021-01-09 18:28:41	1	0	15	0
    34301	2021-01-09 18:28:43	1	0	15	0
    34602	2021-01-10 06:59:51	1	0	15	0
    34502	2021-01-10 07:59:09	1	5	15	0
    34502	2021-01-10 07:59:11	1	5	15	0
    34601	2021-01-10 08:07:02	1	5	15	0
    34101	2021-01-10 08:20:45	1	5	15	0
    34101	2021-01-10 08:20:47	1	5	15	0
    34301	2021-01-10 08:21:13	1	5	15	0
    34301	2021-01-10 08:21:15	1	5	15	0
    34501	2021-01-10 08:30:52	1	5	15	0
    34401	2021-01-10 09:03:21	1	5	15	0
    34601	2021-01-10 16:07:30	1	5	15	0
    34101	2021-01-10 16:11:38	1	5	15	0
    34101	2021-01-10 16:11:39	1	5	15	0
    34502	2021-01-10 17:00:14	1	5	15	0
    34502	2021-01-10 17:00:16	1	5	15	0
    34401	2021-01-10 17:07:21	1	5	15	0
    34401	2021-01-10 17:07:23	1	5	15	0
    34301	2021-01-10 18:39:42	1	5	15	0
    34501	2021-01-10 18:42:44	1	5	15	0
    34602	2021-01-10 18:43:05	1	5	15	0
    34602	2021-01-10 18:43:07	1	5	15	0
    34502	2021-01-11 08:01:59	1	5	15	0
    34502	2021-01-11 08:02:01	1	5	15	0
    34602	2021-01-11 08:08:03	1	5	15	0
    34601	2021-01-11 08:17:26	1	5	15	0
    34601	2021-01-11 08:17:29	1	5	15	0
    34301	2021-01-11 08:26:12	1	5	15	0
    34101	2021-01-11 08:28:14	1	5	15	0
    34401	2021-01-11 10:18:34	1	5	15	0
    34301	2021-01-11 16:02:44	1	5	15	0
    34601	2021-01-11 16:03:27	1	5	15	0
    34602	2021-01-11 16:55:13	1	5	15	0
    34401	2021-01-11 17:00:57	1	5	15	0
    34502	2021-01-11 17:01:46	1	5	15	0
    34502	2021-01-11 17:01:48	1	5	15	0
    34101	2021-01-11 17:14:31	1	5	15	0
    34101	2021-01-11 17:14:33	1	5	15	0
    34101	2021-01-11 17:14:36	1	5	15	0
    34501	2021-01-12 08:32:38	1	5	15	0
    34501	2021-01-12 08:32:40	1	5	15	0
    34601	2021-01-12 08:32:44	1	5	15	0
    34101	2021-01-12 08:35:30	1	5	15	0
    34101	2021-01-12 08:35:32	1	5	15	0
    34401	2021-01-12 09:05:07	1	5	15	0
    34602	2021-01-12 09:14:17	1	5	15	0
    34601	2021-01-12 16:08:18	1	5	15	0
    34401	2021-01-12 17:02:17	1	5	15	0
    34602	2021-01-12 17:03:34	1	5	15	0
    34101	2021-01-12 17:05:19	1	5	15	0
    34501	2021-01-12 17:49:58	1	5	15	0
    34501	2021-01-12 17:50:02	1	5	15	0
    34501	2021-01-12 17:50:04	1	5	15	0
    34602	2021-01-13 07:00:13	1	5	15	0
    34601	2021-01-13 08:01:48	1	5	15	0
    34501	2021-01-13 08:21:47	1	0	15	0
    34101	2021-01-13 08:54:40	1	0	15	0
    34401	2021-01-13 09:01:30	1	0	15	0
    34601	2021-01-13 16:02:07	1	0	15	0
    34601	2021-01-13 16:02:10	1	0	15	0
    34101	2021-01-13 17:04:50	1	0	15	0
    34602	2021-01-13 17:05:18	1	0	15	0
    34401	2021-01-13 17:07:52	1	0	15	0
    34602	2021-01-13 17:16:14	1	0	15	0
    34501	2021-01-13 17:20:20	1	0	15	0
    34501	2021-01-13 17:20:22	1	0	15	0
    34602	2021-01-14 07:12:21	1	0	15	0
    34502	2021-01-14 08:03:43	1	0	15	0
    34601	2021-01-14 08:10:13	1	0	15	0
    34301	2021-01-14 08:24:20	1	0	15	0
    34101	2021-01-14 08:37:29	1	0	15	0
    34101	2021-01-14 08:37:31	1	0	15	0
    34401	2021-01-14 09:04:01	1	0	15	0
    34601	2021-01-14 16:05:13	1	0	15	0
    34601	2021-01-14 16:05:15	1	0	15	0
    34502	2021-01-14 17:03:02	1	0	15	0
    34502	2021-01-14 17:03:04	1	0	15	0
    34401	2021-01-14 17:05:50	1	0	15	0
    34602	2021-01-14 17:08:36	1	0	15	0
    34101	2021-01-14 17:09:51	1	0	15	0
    34301	2021-01-14 19:32:26	1	0	15	0
    34602	2021-01-15 08:17:40	1	0	15	0
    34501	2021-01-15 10:05:35	1	0	15	0
    34501	2021-01-15 10:05:38	1	0	15	0
    34602	2021-01-15 17:04:47	1	0	15	0
    34602	2021-01-15 17:04:48	1	0	15	0
    34501	2021-01-15 17:21:51	1	0	15	0
    34602	2021-01-16 07:49:13	1	0	15	0
    34502	2021-01-16 09:07:51	1	0	15	0
    34602	2021-01-16 13:10:07	1	0	15	0
    34502	2021-01-16 16:00:06	1	0	15	0
    34602	2021-01-17 07:40:57	1	0	15	0
    34601	2021-01-17 08:15:00	1	0	15	0
    34601	2021-01-17 08:15:02	1	0	15	0
    34301	2021-01-17 08:18:13	1	0	15	0
    34502	2021-01-17 08:22:33	1	0	15	0
    34502	2021-01-17 08:22:35	1	0	15	0
    34501	2021-01-17 08:22:48	1	0	15	0
    34101	2021-01-17 08:32:13	1	0	15	0
    34401	2021-01-17 08:54:27	1	0	15	0
    34601	2021-01-17 16:01:10	1	0	15	0
    34301	2021-01-17 16:13:17	1	0	15	0
    34602	2021-01-17 17:00:49	1	0	15	0
    34502	2021-01-17 17:03:10	1	0	15	0
    34401	2021-01-17 17:06:29	1	0	15	0
    34602	2021-01-17 17:06:45	1	0	15	0
    34501	2021-01-17 17:06:58	1	0	15	0
    34101	2021-01-17 17:07:29	1	0	15	0
    34602	2021-01-18 07:37:57	1	0	15	0
    34601	2021-01-18 08:08:20	1	4	15	0
    34301	2021-01-18 08:15:22	1	4	15	0
    34301	2021-01-18 08:15:24	1	4	15	0
    34501	2021-01-18 08:21:11	1	4	15	0
    34101	2021-01-18 08:25:25	1	4	15	0
    34101	2021-01-18 08:25:28	1	4	15	0
    90205	2021-01-18 09:08:00	1	4	15	0
    90205	2021-01-18 09:08:02	1	4	15	0
    34401	2021-01-18 09:09:09	1	4	15	0
    34601	2021-01-18 16:00:52	1	4	15	0
    34601	2021-01-18 16:00:54	1	4	15	0
    34301	2021-01-18 16:14:12	1	4	15	0
    34602	2021-01-18 17:05:05	1	4	15	0
    90205	2021-01-18 17:08:06	1	4	15	0
    90205	2021-01-18 17:08:09	1	4	15	0
    90205	2021-01-18 17:08:18	1	4	15	0
    90205	2021-01-18 17:08:20	1	4	15	0
    34101	2021-01-18 17:09:26	1	4	15	0
    34101	2021-01-18 17:09:28	1	4	15	0
    34501	2021-01-18 17:11:01	1	4	15	0
    34501	2021-01-18 17:11:03	1	4	15	0
    34401	2021-01-18 17:23:43	1	4	15	0
    34602	2021-01-19 06:53:22	1	4	15	0
    34601	2021-01-19 08:09:41	1	4	15	0
    34601	2021-01-19 08:09:43	1	4	15	0
    34502	2021-01-19 08:14:26	1	4	15	0
    34502	2021-01-19 08:14:28	1	4	15	0
    34501	2021-01-19 08:15:01	1	4	15	0
    34101	2021-01-19 08:35:57	1	4	15	0
    90205	2021-01-19 09:10:37	1	4	15	0
    90205	2021-01-19 09:10:53	1	4	15	0
    34401	2021-01-19 09:12:46	1	4	15	0
    34601	2021-01-19 16:03:13	1	4	15	0
    34601	2021-01-19 16:03:15	1	4	15	0
    34501	2021-01-19 16:03:36	1	4	15	0
    34101	2021-01-19 16:58:01	1	4	15	0
    34502	2021-01-19 17:04:04	1	4	15	0
    34502	2021-01-19 17:04:06	1	4	15	0
    34401	2021-01-19 17:04:21	1	4	15	0
    90205	2021-01-19 17:08:52	1	4	15	0
    90205	2021-01-19 17:08:54	1	4	15	0
    34602	2021-01-19 17:19:51	1	4	15	0
    34602	2021-01-20 07:21:00	1	4	15	0
    34502	2021-01-20 08:13:22	1	0	15	0
    34502	2021-01-20 08:13:25	1	0	15	0
    34301	2021-01-20 08:21:21	1	0	15	0
    34501	2021-01-20 08:22:22	1	0	15	0
    34501	2021-01-20 08:22:24	1	0	15	0
    34101	2021-01-20 08:53:57	1	0	15	0
    34101	2021-01-20 08:53:59	1	0	15	0
    34401	2021-01-20 09:09:49	1	0	15	0
    90205	2021-01-20 09:15:21	1	0	15	0
    34301	2021-01-20 16:17:47	1	0	15	0
    34501	2021-01-20 16:29:35	1	0	15	0
    34501	2021-01-20 16:29:37	1	0	15	0
    90205	2021-01-20 17:01:15	1	0	15	0
    90205	2021-01-20 17:01:17	1	0	15	0
    34602	2021-01-20 17:03:18	1	0	15	0
    34602	2021-01-20 17:03:20	1	0	15	0
    34502	2021-01-20 17:03:24	1	0	15	0
    34401	2021-01-20 17:03:44	1	0	15	0
    34101	2021-01-20 19:00:25	1	0	15	0
    34602	2021-01-21 06:51:26	1	0	15	0
    34301	2021-01-21 08:15:13	1	0	15	0
    34601	2021-01-21 08:15:59	1	0	15	0
    34601	2021-01-21 08:16:01	1	0	15	0
    34501	2021-01-21 08:20:36	1	0	15	0
    34501	2021-01-21 08:20:39	1	0	15	0
    34502	2021-01-21 08:27:33	1	0	15	0
    34502	2021-01-21 08:27:36	1	0	15	0
    34401	2021-01-21 08:49:20	1	0	15	0
    34101	2021-01-21 08:55:43	1	0	15	0
    34101	2021-01-21 08:55:45	1	0	15	0
    90205	2021-01-21 09:08:22	1	0	15	0
    90205	2021-01-21 09:08:24	1	0	15	0
    34601	2021-01-21 16:02:24	1	0	15	0
    34601	2021-01-21 16:02:26	1	0	15	0
    34501	2021-01-21 16:07:55	1	0	15	0
    34501	2021-01-21 16:07:57	1	0	15	0
    34502	2021-01-21 17:02:54	1	0	15	0
    34401	2021-01-21 17:05:59	1	0	15	0
    34602	2021-01-21 17:07:00	1	0	15	0
    34101	2021-01-21 17:07:45	1	0	15	0
    34101	2021-01-21 17:07:47	1	0	15	0
    34301	2021-01-21 17:41:31	1	0	15	0
    90205	2021-01-21 17:52:38	1	0	15	0
    90205	2021-01-21 17:52:43	1	0	15	0
    34602	2021-01-22 08:39:13	1	0	15	0
    34602	2021-01-22 08:39:15	1	0	15	0
    34501	2021-01-22 09:15:50	1	0	15	0
    34501	2021-01-22 09:15:52	1	0	15	0
    34602	2021-01-22 16:13:26	1	0	15	0
    34501	2021-01-22 16:18:00	1	0	15	0
    34602	2021-01-23 07:52:12	1	0	15	0
    34502	2021-01-23 09:21:52	1	0	15	0
    34602	2021-01-23 15:57:37	1	0	15	0
    34502	2021-01-23 16:30:03	1	0	15	0
    34502	2021-01-23 16:30:05	1	0	15	0
    34502	2021-01-24 08:14:42	1	0	15	0
    34601	2021-01-24 08:14:50	1	0	15	0
    34601	2021-01-24 08:14:52	1	0	15	0
    34301	2021-01-24 08:24:52	1	0	15	0
    34101	2021-01-24 08:40:48	1	0	15	0
    34401	2021-01-24 08:57:01	1	0	15	0
    90205	2021-01-24 09:14:40	1	0	15	0
    90205	2021-01-24 09:14:42	1	0	15	0
    34601	2021-01-24 16:08:43	1	0	15	0
    34601	2021-01-24 16:08:45	1	0	15	0
    34502	2021-01-24 17:04:54	1	0	15	0
    34502	2021-01-24 17:04:56	1	0	15	0
    34301	2021-01-24 17:06:37	1	0	15	0
    34401	2021-01-24 17:08:49	1	0	15	0
    90205	2021-01-24 17:09:59	1	0	15	0
    90205	2021-01-24 17:10:01	1	0	15	0
    34101	2021-01-24 17:11:28	1	0	15	0
    34602	2021-01-25 06:48:57	1	0	15	0
    34601	2021-01-25 08:13:55	1	0	15	0
    34601	2021-01-25 08:14:06	1	0	15	0
    34502	2021-01-25 08:26:42	1	0	15	0
    34501	2021-01-25 08:27:20	1	0	15	0
    34301	2021-01-25 08:35:50	1	0	15	0
    34401	2021-01-25 08:51:07	1	0	15	0
    34101	2021-01-25 09:01:40	1	0	15	0
    90205	2021-01-25 09:15:16	1	0	15	0
    90205	2021-01-25 09:15:18	1	0	15	0
    34601	2021-01-25 16:00:20	1	0	15	0
    34601	2021-01-25 16:00:22	1	0	15	0
    34602	2021-01-25 17:01:19	1	0	15	0
    34401	2021-01-25 17:05:04	1	0	15	0
    90205	2021-01-25 17:06:31	1	0	15	0
    90205	2021-01-25 17:06:33	1	0	15	0
    90205	2021-01-25 17:06:35	1	0	15	0
    34101	2021-01-25 17:12:14	1	0	15	0
    34301	2021-01-25 17:15:04	1	0	15	0
    34501	2021-01-25 17:15:59	1	0	15	0
    34501	2021-01-25 17:16:00	1	0	15	0
    34502	2021-01-25 18:01:37	1	0	15	0
    34502	2021-01-25 18:01:40	1	0	15	0
    34602	2021-01-26 07:02:22	1	0	15	0
    34601	2021-01-26 08:05:31	1	4	15	0
    34501	2021-01-26 08:28:29	1	4	15	0
    34501	2021-01-26 08:28:31	1	4	15	0
    34301	2021-01-26 08:33:11	1	4	15	0
    34101	2021-01-26 08:55:07	1	4	15	0
    34101	2021-01-26 08:55:09	1	4	15	0
    34401	2021-01-26 09:11:50	1	4	15	0
    90205	2021-01-26 09:14:54	1	4	15	0
    90205	2021-01-26 09:14:56	1	4	15	0
    34601	2021-01-26 16:00:44	1	4	15	0
    34601	2021-01-26 16:00:47	1	4	15	0
    34401	2021-01-26 17:02:20	1	4	15	0
    34602	2021-01-26 17:02:48	1	4	15	0
    90205	2021-01-26 17:04:40	1	4	15	0
    90205	2021-01-26 17:04:42	1	4	15	0
    34501	2021-01-26 17:06:24	1	4	15	0
    34501	2021-01-26 17:06:26	1	4	15	0
    34101	2021-01-26 17:21:49	1	4	15	0
    34101	2021-01-26 17:21:51	1	4	15	0
    34301	2021-01-26 18:31:14	1	4	15	0
    34602	2021-01-27 07:11:22	1	4	15	0
    34601	2021-01-27 08:10:19	1	4	15	0
    34501	2021-01-27 08:20:15	1	4	15	0
    34501	2021-01-27 08:20:17	1	4	15	0
    34301	2021-01-27 08:32:52	1	4	15	0
    34502	2021-01-27 08:33:54	1	4	15	0
    34101	2021-01-27 08:47:48	1	4	15	0
    90205	2021-01-27 09:13:32	1	4	15	0
    90205	2021-01-27 09:13:34	1	4	15	0
    34401	2021-01-27 09:13:58	1	4	15	0
    34601	2021-01-27 16:00:15	1	4	15	0
    34601	2021-01-27 16:00:17	1	4	15	0
    34602	2021-01-27 17:01:17	1	4	15	0
    90205	2021-01-27 17:03:40	1	4	15	0
    90205	2021-01-27 17:04:06	1	4	15	0
    90205	2021-01-27 17:04:08	1	4	15	0
    34401	2021-01-27 17:05:39	1	4	15	0
    34501	2021-01-27 17:06:15	1	4	15	0
    34101	2021-01-27 17:06:42	1	4	15	0
    34101	2021-01-27 17:06:44	1	4	15	0
    34501	2021-01-27 17:08:46	1	4	15	0
    34502	2021-01-27 17:17:02	1	4	15	0
    34502	2021-01-27 17:17:04	1	4	15	0
    34301	2021-01-27 20:15:56	1	4	15	0
    34602	2021-01-28 07:41:31	1	4	15	0
    34602	2021-01-28 07:41:40	1	4	15	0
    34501	2021-01-28 09:20:14	1	4	15	0
    34501	2021-01-28 09:20:16	1	4	15	0
    34301	2021-01-28 10:32:55	1	4	15	0
    34501	2021-01-28 16:23:23	1	4	15	0
    34501	2021-01-28 16:23:25	1	4	15	0
    34602	2021-01-28 16:25:03	1	4	15	0
    34301	2021-01-28 18:51:05	1	4	15	0
    34301	2021-01-28 18:51:07	1	4	15	0
    34602	2021-01-29 08:01:11	1	4	15	0
    34501	2021-01-29 09:33:56	1	4	15	0
    34501	2021-01-29 09:33:58	1	4	15	0
    34602	2021-01-29 16:06:17	1	4	15	0
    34602	2021-01-29 16:14:25	1	4	15	0
    34501	2021-01-29 16:21:11	1	4	15	0
    34602	2021-01-30 07:44:47	1	4	15	0
    34502	2021-01-30 09:14:31	1	4	15	0
    34602	2021-01-30 12:14:37	1	4	15	0
    34502	2021-01-30 16:23:07	1	4	15	0
    34602	2021-01-31 06:58:56	1	4	15	0
    34602	2021-01-31 06:58:58	1	4	15	0
    34601	2021-01-31 08:04:50	1	4	15	0
    34601	2021-01-31 08:04:52	1	4	15	0
    34501	2021-01-31 08:20:41	1	4	15	0
    34301	2021-01-31 08:20:58	1	4	15	0
    34301	2021-01-31 08:21:00	1	4	15	0
    34502	2021-01-31 08:42:12	1	4	15	0
    34101	2021-01-31 08:49:07	1	4	15	0
    34401	2021-01-31 09:13:28	1	4	15	0
    90205	2021-01-31 09:15:55	1	4	15	0
    90205	2021-01-31 09:16:01	1	4	15	0
    34601	2021-01-31 16:00:27	1	4	15	0
    34601	2021-01-31 16:00:29	1	4	15	0
    90205	2021-01-31 17:02:52	1	4	15	0
    90205	2021-01-31 17:02:55	1	4	15	0
    34502	2021-01-31 17:08:30	1	4	15	0
    34501	2021-01-31 17:10:05	1	4	15	0
    34602	2021-01-31 17:13:51	1	4	15	0
    34602	2021-01-31 17:13:53	1	4	15	0
    34401	2021-01-31 17:16:00	1	4	15	0
    34301	2021-01-31 19:01:11	1	0	15	0
    34301	2021-01-31 19:01:13	1	0	15	0
    34101	2021-01-31 19:53:27	1	0	15	0
    34101	2021-01-31 19:53:29	1	0	15	0
    34602	2021-02-01 06:52:19	1	0	15	0
    34601	2021-02-01 08:04:40	1	0	15	0
    34502	2021-02-01 08:14:31	1	0	15	0
    34501	2021-02-01 08:27:02	1	0	15	0
    34301	2021-02-01 08:49:14	1	0	15	0
    34401	2021-02-01 08:52:48	1	0	15	0
    34401	2021-02-01 08:52:50	1	0	15	0
    34101	2021-02-01 08:53:33	1	0	15	0
    90205	2021-02-01 09:16:09	1	0	15	0
    34601	2021-02-01 16:04:52	1	0	15	0
    34601	2021-02-01 16:04:53	1	0	15	0
    34501	2021-02-01 16:07:08	1	0	15	0
    34501	2021-02-01 16:07:10	1	0	15	0
    34501	2021-02-01 16:07:12	1	0	15	0
    34301	2021-02-01 17:04:10	1	0	15	0
    90205	2021-02-01 17:12:28	1	0	15	0
    90205	2021-02-01 17:12:30	1	0	15	0
    34502	2021-02-01 17:25:31	1	0	15	0
    34401	2021-02-01 17:26:03	1	0	15	0
    34101	2021-02-01 17:30:13	1	0	15	0
    34101	2021-02-01 17:30:15	1	0	15	0
    34602	2021-02-01 17:40:29	1	0	15	0
    34602	2021-02-01 17:40:31	1	0	15	0
    34602	2021-02-02 07:09:32	1	0	15	0
    34601	2021-02-02 08:05:36	1	0	15	0
    34501	2021-02-02 08:09:46	1	0	15	0
    34501	2021-02-02 08:09:48	1	0	15	0
    34501	2021-02-02 08:09:50	1	0	15	0
    34101	2021-02-02 08:11:48	1	0	15	0
    34502	2021-02-02 08:55:15	1	0	15	0
    90205	2021-02-02 09:13:33	1	0	15	0
    90205	2021-02-02 09:13:35	1	0	15	0
    34401	2021-02-02 09:16:59	1	0	15	0
    34601	2021-02-02 16:03:01	1	0	15	0
    34601	2021-02-02 16:03:03	1	0	15	0
    34501	2021-02-02 16:06:52	1	5	15	0
    34501	2021-02-02 16:06:57	1	5	15	0
    34501	2021-02-02 16:06:59	1	5	15	0
    90205	2021-02-02 17:01:23	1	5	15	0
    90205	2021-02-02 17:01:25	1	5	15	0
    34401	2021-02-02 17:03:41	1	5	15	0
    34502	2021-02-02 17:06:15	1	5	15	0
    34101	2021-02-02 17:39:44	1	5	15	0
    34101	2021-02-02 17:39:46	1	5	15	0
    34602	2021-02-02 19:17:25	1	5	15	0
    34602	2021-02-02 19:17:26	1	5	15	0
    34602	2021-02-03 06:56:14	1	5	15	0
    34601	2021-02-03 08:06:11	1	5	15	0
    34501	2021-02-03 08:14:46	1	5	15	0
    34301	2021-02-03 08:49:11	1	5	15	0
    34101	2021-02-03 08:49:40	1	5	15	0
    90205	2021-02-03 09:13:56	1	5	15	0
    90205	2021-02-03 09:13:58	1	5	15	0
    34601	2021-02-03 16:03:39	1	5	15	0
    34601	2021-02-03 16:03:40	1	5	15	0
    90205	2021-02-03 17:00:48	1	5	15	0
    90205	2021-02-03 17:00:51	1	5	15	0
    90205	2021-02-03 17:00:52	1	5	15	0
    90205	2021-02-03 17:01:07	1	5	15	0
    34602	2021-02-03 17:13:16	1	5	15	0
    34501	2021-02-03 17:21:34	1	5	15	0
    34501	2021-02-03 17:21:39	1	5	15	0
    34501	2021-02-03 17:21:41	1	5	15	0
    34602	2021-02-03 17:21:44	1	5	15	0
    34101	2021-02-03 17:22:02	1	5	15	0
    34101	2021-02-03 17:22:03	1	5	15	0
    34301	2021-02-03 18:15:29	1	5	15	0
    34602	2021-02-04 06:50:00	1	5	15	0
    34601	2021-02-04 08:01:16	1	5	15	0
    34501	2021-02-04 08:15:39	1	5	15	0
    34501	2021-02-04 08:15:40	1	5	15	0
    34501	2021-02-04 08:15:42	1	5	15	0
    34301	2021-02-04 08:20:53	1	5	15	0
    34301	2021-02-04 08:20:54	1	5	15	0
    34101	2021-02-04 08:35:58	1	5	15	0
    34502	2021-02-04 08:56:45	1	5	15	0
    90205	2021-02-04 09:05:56	1	5	15	0
    90205	2021-02-04 09:05:58	1	5	15	0
    34601	2021-02-04 16:01:42	1	5	15	0
    34301	2021-02-04 16:04:12	1	5	15	0
    34502	2021-02-04 17:01:10	1	5	15	0
    90205	2021-02-04 17:01:30	1	5	15	0
    90205	2021-02-04 17:01:32	1	5	15	0
    34501	2021-02-04 18:47:39	1	5	15	0
    34501	2021-02-04 18:47:40	1	5	15	0
    34101	2021-02-04 19:15:13	1	5	15	0
    34101	2021-02-04 19:15:14	1	5	15	0
    34602	2021-02-05 08:48:04	1	5	15	0
    34501	2021-02-05 09:53:11	1	5	15	0
    34501	2021-02-05 09:53:12	1	5	15	0
    34501	2021-02-05 09:53:14	1	5	15	0
    34501	2021-02-05 16:56:23	1	5	15	0
    34501	2021-02-05 16:56:25	1	5	15	0
    34501	2021-02-05 16:56:27	1	5	15	0
    34602	2021-02-05 16:57:17	1	5	15	0
    34602	2021-02-05 16:57:19	1	5	15	0
    34602	2021-02-06 07:51:42	1	5	15	0
    34502	2021-02-06 09:11:03	1	5	15	0
    34502	2021-02-06 09:11:05	1	5	15	0
    34502	2021-02-06 16:52:05	1	5	15	0
    34602	2021-02-06 17:56:28	1	5	15	0
    34602	2021-02-06 17:56:29	1	5	15	0
    34602	2021-02-07 06:48:53	1	5	15	0
    34601	2021-02-07 08:08:01	1	5	15	0
    34601	2021-02-07 08:08:03	1	5	15	0
    34501	2021-02-07 08:16:20	1	5	15	0
    34501	2021-02-07 08:16:21	1	5	15	0
    34501	2021-02-07 08:16:22	1	5	15	0
    34101	2021-02-07 08:30:24	1	5	15	0
    34301	2021-02-07 08:34:13	1	5	15	0
    34502	2021-02-07 08:56:54	1	5	15	0
    34401	2021-02-07 09:08:26	1	5	15	0
    90205	2021-02-07 09:14:23	1	5	15	0
    90205	2021-02-07 09:14:24	1	5	15	0
    34601	2021-02-07 16:01:21	1	5	15	0
    34601	2021-02-07 16:01:23	1	5	15	0
    90205	2021-02-07 17:02:53	1	5	15	0
    90205	2021-02-07 17:02:55	1	5	15	0
    34401	2021-02-07 17:11:18	1	5	15	0
    34602	2021-02-07 17:14:41	1	5	15	0
    34602	2021-02-07 17:14:43	1	5	15	0
    34501	2021-02-07 17:15:00	1	5	15	0
    34501	2021-02-07 17:15:03	1	5	15	0
    34501	2021-02-07 17:15:05	1	5	15	0
    34101	2021-02-07 17:16:35	1	5	15	0
    34301	2021-02-07 17:34:03	1	5	15	0
    34502	2021-02-07 18:13:19	1	5	15	0
    34602	2021-02-08 06:52:56	1	5	15	0
    34601	2021-02-08 08:04:05	1	5	15	0
    34601	2021-02-08 08:04:07	1	5	15	0
    34301	2021-02-08 08:23:08	1	5	15	0
    34502	2021-02-08 08:46:25	1	5	15	0
    34502	2021-02-08 08:46:26	1	5	15	0
    34401	2021-02-08 08:58:16	1	5	15	0
    34101	2021-02-08 09:10:08	1	5	15	0
    90205	2021-02-08 09:13:24	1	5	15	0
    90205	2021-02-08 09:13:26	1	5	15	0
    90205	2021-02-08 09:13:28	1	5	15	0
    34601	2021-02-08 16:05:27	1	5	15	0
    34502	2021-02-08 17:05:11	1	5	15	0
    34602	2021-02-08 17:06:18	1	5	15	0
    34401	2021-02-08 17:12:09	1	5	15	0
    90205	2021-02-08 17:17:08	1	5	15	0
    90205	2021-02-08 17:17:10	1	5	15	0
    34101	2021-02-08 17:25:45	1	5	15	0
    34101	2021-02-08 17:25:47	1	5	15	0
    34602	2021-02-08 17:45:39	1	5	15	0
    34301	2021-02-08 18:59:19	1	5	15	0
    34601	2021-02-09 08:17:12	1	5	15	0
    34601	2021-02-09 08:17:14	1	5	15	0
    34501	2021-02-09 08:17:22	1	5	15	0
    34301	2021-02-09 08:31:12	1	5	15	0
    34101	2021-02-09 08:52:32	1	5	15	0
    34101	2021-02-09 08:52:33	1	5	15	0
    34401	2021-02-09 09:01:46	1	5	15	0
    34401	2021-02-09 09:01:47	1	5	15	0
    90205	2021-02-09 09:04:30	1	5	15	0
    90205	2021-02-09 09:04:31	1	5	15	0
    34601	2021-02-09 16:00:28	1	5	15	0
    34601	2021-02-09 16:02:32	1	5	15	0
    34501	2021-02-09 17:10:32	1	5	15	0
    34501	2021-02-09 17:10:34	1	5	15	0
    34501	2021-02-09 17:10:35	1	5	15	0
    34401	2021-02-09 17:11:23	1	5	15	0
    34101	2021-02-09 17:13:28	1	5	15	0
    90205	2021-02-09 17:13:46	1	5	15	0
    34301	2021-02-09 17:44:20	1	5	15	0
    34602	2021-02-10 07:01:19	1	5	15	0
    34501	2021-02-10 08:19:11	1	4	15	0
    34501	2021-02-10 08:19:12	1	4	15	0
    34501	2021-02-10 08:19:14	1	4	15	0
    34301	2021-02-10 08:31:49	1	4	15	0
    34101	2021-02-10 08:55:49	1	4	15	0
    34401	2021-02-10 09:12:42	1	4	15	0
    90205	2021-02-10 09:14:10	1	4	15	0
    90205	2021-02-10 17:03:56	1	4	15	0
    34602	2021-02-10 17:06:12	1	4	15	0
    34602	2021-02-10 17:06:13	1	4	15	0
    34101	2021-02-10 17:11:15	1	4	15	0
    34401	2021-02-10 17:16:49	1	4	15	0
    34501	2021-02-10 17:17:58	1	4	15	0
    34301	2021-02-10 19:56:14	1	4	15	0
    34602	2021-02-11 07:01:45	1	4	15	0
    34502	2021-02-11 08:50:18	1	4	15	0
    34101	2021-02-11 09:00:50	1	4	15	0
    34401	2021-02-11 09:09:55	1	4	15	0
    90205	2021-02-11 09:12:50	1	4	15	0
    90205	2021-02-11 09:12:52	1	4	15	0
    34401	2021-02-11 17:01:11	1	4	15	0
    34502	2021-02-11 17:01:28	1	4	15	0
    34502	2021-02-11 17:01:29	1	4	15	0
    34602	2021-02-11 17:01:52	1	4	15	0
    34101	2021-02-11 17:02:25	1	4	15	0
    90205	2021-02-11 17:02:55	1	4	15	0
    34602	2021-02-12 08:47:02	1	4	15	0
    34501	2021-02-12 10:00:42	1	4	15	0
    34602	2021-02-12 17:10:33	1	4	15	0
    34602	2021-02-12 17:10:38	1	4	15	0
    34602	2021-02-12 17:10:40	1	4	15	0
    34501	2021-02-12 17:18:50	1	4	15	0
    34501	2021-02-12 17:18:51	1	4	15	0
    34501	2021-02-12 17:18:53	1	4	15	0
    34602	2021-02-13 07:49:43	1	4	15	0
    34502	2021-02-13 08:56:55	1	4	15	0
    34502	2021-02-13 08:56:57	1	4	15	0
    34602	2021-02-13 12:06:32	1	4	15	0
    34502	2021-02-13 16:10:40	1	4	15	0
    34602	2021-02-14 07:01:03	1	4	15	0
    34101	2021-02-14 07:53:27	1	4	15	0
    34101	2021-02-14 07:53:29	1	4	15	0
    34601	2021-02-14 08:13:33	1	4	15	0
    34601	2021-02-14 08:13:35	1	4	15	0
    34501	2021-02-14 08:17:46	1	4	15	0
    34501	2021-02-14 08:17:48	1	4	15	0
    34301	2021-02-14 08:49:20	1	4	15	0
    34301	2021-02-14 08:49:22	1	4	15	0
    34502	2021-02-14 08:58:27	1	4	15	0
    34401	2021-02-14 08:59:14	1	4	15	0
    90205	2021-02-14 09:14:24	1	4	15	0
    90205	2021-02-14 09:14:26	1	4	15	0
    34601	2021-02-14 14:01:05	1	4	15	0
    34601	2021-02-14 14:01:07	1	4	15	0
    34501	2021-02-14 16:06:06	1	4	15	0
    34501	2021-02-14 16:06:10	1	4	15	0
    34101	2021-02-14 16:54:16	1	4	15	0
    34502	2021-02-14 17:07:33	1	4	15	0
    34401	2021-02-14 17:07:58	1	4	15	0
    90205	2021-02-14 17:14:18	1	4	15	0
    90205	2021-02-14 17:14:20	1	4	15	0
    34602	2021-02-14 17:30:13	1	4	15	0
    34301	2021-02-14 19:18:53	1	4	15	0
    34602	2021-02-15 06:54:13	1	4	15	0
    34601	2021-02-15 08:08:10	1	4	15	0
    34601	2021-02-15 08:08:12	1	4	15	0
    34501	2021-02-15 08:25:50	1	4	15	0
    34501	2021-02-15 08:25:51	1	4	15	0
    34301	2021-02-15 08:41:36	1	4	15	0
    34401	2021-02-15 08:52:55	1	4	15	0
    34502	2021-02-15 08:57:44	1	4	15	0
    90205	2021-02-15 09:11:30	1	4	15	0
    90205	2021-02-15 09:11:32	1	4	15	0
    34601	2021-02-15 16:00:41	1	4	15	0
    34501	2021-02-15 16:01:39	1	4	15	0
    34502	2021-02-15 17:01:01	1	4	15	0
    34602	2021-02-15 17:01:26	1	4	15	0
    34602	2021-02-15 17:01:28	1	4	15	0
    34401	2021-02-15 17:04:31	1	4	15	0
    90205	2021-02-15 17:09:50	1	4	15	0
    34301	2021-02-15 18:37:49	1	4	15	0
    34602	2021-02-16 07:09:06	1	4	15	0
    34602	2021-02-16 07:13:18	1	4	15	0
    34601	2021-02-16 08:09:22	1	4	15	0
    34601	2021-02-16 08:09:24	1	4	15	0
    34501	2021-02-16 08:22:12	1	4	15	0
    34301	2021-02-16 08:41:47	1	4	15	0
    34502	2021-02-16 08:56:36	1	4	15	0
    34101	2021-02-16 09:07:30	1	4	15	0
    34101	2021-02-16 09:07:32	1	4	15	0
    90205	2021-02-16 09:12:25	1	4	15	0
    34401	2021-02-16 09:18:45	1	4	15	0
    34601	2021-02-16 16:00:42	1	4	15	0
    34601	2021-02-16 16:00:44	1	4	15	0
    34501	2021-02-16 16:30:59	1	4	15	0
    34501	2021-02-16 16:31:03	1	4	15	0
    34602	2021-02-16 17:02:43	1	4	15	0
    34602	2021-02-16 17:02:47	1	4	15	0
    90205	2021-02-16 17:04:39	1	4	15	0
    90205	2021-02-16 17:04:41	1	4	15	0
    34401	2021-02-16 17:05:19	1	4	15	0
    34502	2021-02-16 17:05:43	1	4	15	0
    34502	2021-02-16 17:05:45	1	4	15	0
    34301	2021-02-16 18:04:06	1	4	15	0
    34101	2021-02-16 18:05:04	1	4	15	0
    34602	2021-02-17 06:49:23	1	4	15	0
    34601	2021-02-17 07:58:31	1	4	15	0
    34601	2021-02-17 07:58:33	1	4	15	0
    34501	2021-02-17 08:42:51	1	4	15	0
    34501	2021-02-17 08:42:53	1	4	15	0
    34501	2021-02-17 08:42:55	1	4	15	0
    34101	2021-02-17 08:56:32	1	4	15	0
    34301	2021-02-17 08:56:54	1	4	15	0
    34301	2021-02-17 08:56:55	1	4	15	0
    34301	2021-02-17 08:56:59	1	4	15	0
    34401	2021-02-17 09:02:11	1	4	15	0
    90205	2021-02-17 09:13:36	1	4	15	0
    34401	2021-02-17 15:01:55	1	4	15	0
    34601	2021-02-17 16:01:11	1	4	15	0
    34601	2021-02-17 16:01:13	1	4	15	0
    34602	2021-02-17 17:02:07	1	4	15	0
    90205	2021-02-17 17:02:33	1	4	15	0
    90205	2021-02-17 17:02:35	1	4	15	0
    34501	2021-02-17 17:06:25	1	4	15	0
    34501	2021-02-17 17:06:26	1	4	15	0
    34501	2021-02-17 17:06:28	1	4	15	0
    34101	2021-02-17 17:18:27	1	4	15	0
    34101	2021-02-17 17:18:29	1	4	15	0
    34301	2021-02-17 19:03:31	1	4	15	0
    34602	2021-02-18 06:48:51	1	4	15	0
    34602	2021-02-18 06:48:53	1	4	15	0
    34601	2021-02-18 08:12:11	1	4	15	0
    34101	2021-02-18 08:20:30	1	4	15	0
    34301	2021-02-18 08:42:05	1	4	15	0
    34502	2021-02-18 08:43:21	1	4	15	0
    34502	2021-02-18 08:43:23	1	4	15	0
    34401	2021-02-18 08:57:53	1	4	15	0
    90205	2021-02-18 09:14:02	1	4	15	0
    34502	2021-02-18 15:07:08	1	4	15	0
    34601	2021-02-18 16:05:04	1	4	15	0
    34301	2021-02-18 17:02:04	1	4	15	0
    34301	2021-02-18 17:02:06	1	4	15	0
    34401	2021-02-18 17:04:55	1	4	15	0
    90205	2021-02-18 17:07:55	1	4	15	0
    90205	2021-02-18 17:07:57	1	4	15	0
    34101	2021-02-18 17:13:28	1	4	15	0
    34602	2021-02-18 17:16:29	1	4	15	0
    34602	2021-02-19 09:01:07	1	4	15	0
    34602	2021-02-19 09:01:08	1	4	15	0
    34501	2021-02-19 09:27:30	1	4	15	0
    34501	2021-02-19 09:27:33	1	4	15	0
    34501	2021-02-19 16:58:24	1	4	15	0
    34501	2021-02-19 16:58:26	1	4	15	0
    34501	2021-02-19 16:58:27	1	4	15	0
    34602	2021-02-19 17:00:06	1	4	15	0
    34602	2021-02-20 07:06:30	1	4	15	0
    34502	2021-02-20 08:59:15	1	4	15	0
    34502	2021-02-20 08:59:17	1	4	15	0
    34602	2021-02-20 16:24:57	1	0	15	0
    34502	2021-02-20 16:27:21	1	0	15	0
    34502	2021-02-20 16:27:23	1	0	15	0
    34602	2021-02-21 07:21:43	1	0	15	0
    34101	2021-02-21 07:43:14	1	0	15	0
    34601	2021-02-21 08:04:49	1	0	15	0
    34501	2021-02-21 08:19:39	1	0	15	0
    34301	2021-02-21 08:29:15	1	0	15	0
    34401	2021-02-21 08:52:34	1	0	15	0
    34502	2021-02-21 09:03:25	1	0	15	0
    90205	2021-02-21 09:14:18	1	0	15	0
