        1	2020-08-04 12:14:04	1	0	4	0
     9000	2020-08-16 17:14:10	1	0	4	0
     9000	2020-08-16 17:22:17	1	0	4	0
        1	2020-08-16 17:22:19	1	0	4	0
     8000	2020-08-17 11:33:08	1	1	4	0
     9000	2020-08-23 12:20:34	1	1	4	0
    32602	2020-08-23 12:26:51	1	1	15	0
    32602	2020-08-23 12:26:53	1	1	15	0
    32101	2020-08-23 12:29:36	1	1	15	0
    32101	2020-08-23 12:29:38	1	1	15	0
     9000	2020-08-23 12:29:52	1	1	4	0
    32402	2020-08-23 12:31:44	1	1	15	0
    32402	2020-08-23 12:31:46	1	1	15	0
     9000	2020-08-23 12:31:57	1	1	4	0
     9000	2020-08-23 12:32:00	1	1	4	0
     9000	2020-08-23 12:32:02	1	1	4	0
     9000	2020-08-23 12:32:06	1	1	4	0
     9000	2020-08-23 12:32:07	1	1	4	0
    32401	2020-08-23 12:33:41	1	1	15	0
    32401	2020-08-23 12:33:44	1	1	15	0
     9000	2020-08-23 12:33:56	1	1	4	0
    32501	2020-08-23 12:35:43	1	1	15	0
    32501	2020-08-23 12:35:45	1	1	15	0
    32601	2020-08-23 12:38:07	1	1	15	0
    32601	2020-08-23 12:38:10	1	1	15	0
    32601	2020-08-23 12:38:28	1	1	15	0
    32601	2020-08-23 12:38:37	1	1	15	0
    32401	2020-08-23 12:40:14	1	1	15	0
     9000	2020-08-23 12:43:22	1	1	4	0
     9000	2020-08-23 12:43:36	1	1	4	0
     9000	2020-08-23 12:43:50	1	1	4	0
     9000	2020-08-23 12:47:12	1	1	4	0
     9000	2020-08-23 12:47:14	1	1	4	0
     9000	2020-08-23 12:47:15	1	1	4	0
     9000	2020-08-23 12:47:16	1	1	4	0
     9000	2020-08-23 13:28:38	1	1	4	0
     9000	2020-08-23 13:28:51	1	1	4	0
    32403	2020-08-23 13:30:23	1	1	15	0
    32403	2020-08-23 13:30:26	1	1	15	0
    32101	2020-08-23 16:08:57	1	0	15	0
    32101	2020-08-23 16:09:00	1	0	15	0
    32401	2020-08-23 16:09:14	1	0	15	0
    32401	2020-08-23 16:09:17	1	0	15	0
    32402	2020-08-23 16:48:51	1	0	15	0
    32403	2020-08-23 16:49:00	1	0	15	0
    32403	2020-08-23 16:49:03	1	0	15	0
    32403	2020-08-23 16:49:14	1	0	15	0
    32602	2020-08-23 16:49:55	1	0	15	0
    32602	2020-08-23 16:58:38	1	0	15	0
    32602	2020-08-23 16:58:41	1	0	15	0
    32501	2020-08-24 07:56:59	1	0	15	0
    32501	2020-08-24 07:57:01	1	0	15	0
    32401	2020-08-24 08:17:23	1	0	15	0
    32401	2020-08-24 08:17:26	1	0	15	0
    32402	2020-08-24 08:43:49	1	0	15	0
    32402	2020-08-24 08:44:19	1	0	15	0
    32402	2020-08-24 08:44:25	1	0	15	0
    32403	2020-08-24 09:15:25	1	0	15	0
    32101	2020-08-24 09:33:40	1	0	15	0
    32501	2020-08-24 16:09:17	1	0	15	0
    32501	2020-08-24 16:09:19	1	0	15	0
    32401	2020-08-24 16:15:48	1	0	15	0
    32401	2020-08-24 16:15:51	1	0	15	0
    32602	2020-08-25 08:01:36	1	0	15	0
    32601	2020-08-25 08:01:46	1	0	15	0
    32601	2020-08-25 08:01:48	1	0	15	0
    32601	2020-08-25 08:01:55	1	0	15	0
    32401	2020-08-25 08:07:22	1	0	15	0
    32401	2020-08-25 08:07:24	1	0	15	0
    32402	2020-08-25 08:57:10	1	0	15	0
    32402	2020-08-25 08:57:12	1	0	15	0
    32403	2020-08-25 09:08:37	1	0	15	0
    32403	2020-08-25 09:08:39	1	0	15	0
    32601	2020-08-25 15:01:02	1	0	15	0
    32601	2020-08-25 15:01:04	1	0	15	0
    32401	2020-08-25 16:17:22	1	0	15	0
    32403	2020-08-25 16:54:10	1	0	15	0
    32403	2020-08-25 16:54:12	1	0	15	0
    32402	2020-08-25 16:54:40	1	0	15	0
    32402	2020-08-25 16:54:42	1	0	15	0
    32402	2020-08-25 16:54:50	1	0	15	0
    32402	2020-08-25 16:54:52	1	0	15	0
    32602	2020-08-25 16:55:14	1	0	15	0
    32601	2020-08-26 07:57:48	1	0	15	0
    32501	2020-08-26 07:58:18	1	0	15	0
    32501	2020-08-26 07:58:20	1	0	15	0
    32401	2020-08-26 08:10:49	1	0	15	0
    32403	2020-08-26 10:25:59	1	0	15	0
    32403	2020-08-26 10:26:01	1	0	15	0
    32601	2020-08-26 16:02:37	1	0	15	0
    32501	2020-08-26 16:02:42	1	0	15	0
    32401	2020-08-26 16:24:56	1	0	15	0
    32401	2020-08-26 16:24:59	1	0	15	0
    32501	2020-08-27 07:55:40	1	0	15	0
    32501	2020-08-27 07:55:42	1	0	15	0
    32601	2020-08-27 08:00:43	1	0	15	0
    32401	2020-08-27 08:12:20	1	0	15	0
    32402	2020-08-27 09:13:51	1	0	15	0
    32403	2020-08-27 09:22:25	1	0	15	0
    32601	2020-08-27 13:23:54	1	0	15	0
    32601	2020-08-27 13:23:56	1	0	15	0
    32402	2020-08-27 15:56:38	1	0	15	0
    32501	2020-08-27 16:00:28	1	0	15	0
    32501	2020-08-27 16:00:30	1	0	15	0
    32401	2020-08-27 16:12:30	1	0	15	0
    32401	2020-08-27 16:12:32	1	0	15	0
    32403	2020-08-28 10:36:34	1	0	15	0
    32403	2020-08-28 10:36:36	1	0	15	0
    32403	2020-08-28 14:39:01	1	0	15	0
    32403	2020-08-28 14:39:03	1	0	15	0
    32602	2020-08-29 09:04:34	1	0	15	0
    32403	2020-08-29 10:52:31	1	0	15	0
    32601	2020-08-29 12:21:04	1	0	15	0
    32601	2020-08-29 12:21:06	1	0	15	0
    32601	2020-08-29 13:30:41	1	0	15	0
    32403	2020-08-29 15:55:40	1	0	15	0
    32602	2020-08-29 16:58:19	1	0	15	0
    32602	2020-08-29 16:58:21	1	0	15	0
    32501	2020-08-30 08:02:37	1	0	15	0
    32401	2020-08-30 08:11:21	1	0	15	0
    32401	2020-08-30 08:11:23	1	0	15	0
    32602	2020-08-30 08:14:26	1	0	15	0
    32602	2020-08-30 08:14:34	1	0	15	0
    32602	2020-08-30 08:14:36	1	0	15	0
    32601	2020-08-30 08:38:12	1	0	15	0
    32402	2020-08-30 09:16:32	1	0	15	0
    32403	2020-08-30 09:26:02	1	0	15	0
    32403	2020-08-30 09:26:05	1	0	15	0
    32401	2020-08-30 16:04:10	1	0	15	0
    32601	2020-08-30 16:04:26	1	0	15	0
    32501	2020-08-30 16:04:35	1	0	15	0
    32501	2020-08-30 16:04:37	1	0	15	0
    32402	2020-08-30 16:55:38	1	0	15	0
    32402	2020-08-30 16:55:40	1	0	15	0
    32403	2020-08-30 16:55:48	1	0	15	0
    32403	2020-08-30 16:55:51	1	0	15	0
    32602	2020-08-30 16:56:07	1	0	15	0
    32602	2020-08-30 16:56:10	1	0	15	0
    32501	2020-08-31 08:01:16	1	0	15	0
    32601	2020-08-31 08:01:32	1	0	15	0
    32601	2020-08-31 08:01:34	1	0	15	0
    32401	2020-08-31 08:08:03	1	0	15	0
    32602	2020-08-31 09:40:42	1	0	15	0
    32601	2020-08-31 16:05:25	1	0	15	0
    32602	2020-08-31 16:48:35	1	0	15	0
    32401	2020-08-31 17:00:47	1	0	15	0
    32401	2020-08-31 17:00:49	1	0	15	0
    32501	2020-08-31 17:00:55	1	0	15	0
    32501	2020-08-31 17:00:58	1	0	15	0
    32601	2020-09-01 08:06:13	1	0	15	0
    32601	2020-09-01 08:06:15	1	0	15	0
    32401	2020-09-01 08:10:30	1	0	15	0
    32602	2020-09-01 08:36:32	1	0	15	0
    32602	2020-09-01 08:36:34	1	0	15	0
    32403	2020-09-01 09:07:00	1	0	15	0
    32403	2020-09-01 09:07:02	1	0	15	0
    32402	2020-09-01 09:09:39	1	0	15	0
    32402	2020-09-01 09:09:41	1	0	15	0
    32601	2020-09-01 16:06:22	1	0	15	0
    32601	2020-09-01 16:06:24	1	0	15	0
    32401	2020-09-01 16:14:47	1	0	15	0
    32602	2020-09-01 16:58:05	1	0	15	0
    32602	2020-09-01 16:58:07	1	0	15	0
    32402	2020-09-01 16:59:55	1	0	15	0
    32403	2020-09-01 17:01:50	1	0	15	0
    32403	2020-09-01 17:01:52	1	0	15	0
    32601	2020-09-02 07:58:38	1	0	15	0
    32601	2020-09-02 07:58:41	1	0	15	0
    32401	2020-09-02 08:08:35	1	0	15	0
    32501	2020-09-02 08:09:02	1	0	15	0
    32403	2020-09-02 08:28:25	1	0	15	0
    32403	2020-09-02 08:28:27	1	0	15	0
    32402	2020-09-02 08:45:21	1	0	15	0
    32402	2020-09-02 08:45:23	1	0	15	0
    32602	2020-09-02 09:53:35	1	0	15	0
    32601	2020-09-02 16:09:18	1	0	15	0
    32501	2020-09-02 16:14:35	1	0	15	0
    32501	2020-09-02 16:14:37	1	0	15	0
    32403	2020-09-02 16:14:50	1	0	15	0
    32401	2020-09-02 16:16:38	1	0	15	0
    32401	2020-09-02 16:16:40	1	0	15	0
    32602	2020-09-02 16:44:54	1	0	15	0
    32602	2020-09-02 16:44:56	1	0	15	0
    32402	2020-09-02 16:47:08	1	0	15	0
    32601	2020-09-03 08:02:51	1	0	15	0
    32401	2020-09-03 08:06:05	1	0	15	0
    32501	2020-09-03 08:17:26	1	0	15	0
    32501	2020-09-03 08:17:28	1	0	15	0
    32403	2020-09-03 08:30:26	1	0	15	0
    32602	2020-09-03 08:47:14	1	0	15	0
    32602	2020-09-03 08:47:16	1	0	15	0
    32601	2020-09-03 16:02:57	1	0	15	0
    32501	2020-09-03 16:03:45	1	0	15	0
    32501	2020-09-03 16:03:47	1	0	15	0
    32401	2020-09-03 16:07:35	1	0	15	0
    32401	2020-09-03 16:07:37	1	0	15	0
    32403	2020-09-03 16:49:05	1	0	15	0
    32403	2020-09-03 16:49:07	1	0	15	0
    32602	2020-09-03 16:49:13	1	0	15	0
    32501	2020-09-04 08:58:46	1	0	15	0
    32501	2020-09-04 16:40:58	1	0	15	0
    32501	2020-09-04 16:41:00	1	0	15	0
    32501	2020-09-05 08:59:00	1	0	15	0
    32501	2020-09-05 08:59:03	1	0	15	0
    32602	2020-09-05 09:11:51	1	0	15	0
    32602	2020-09-05 15:36:04	1	0	15	0
    32501	2020-09-05 16:29:25	1	0	15	0
    32601	2020-09-06 07:57:33	1	0	15	0
    32401	2020-09-06 08:07:43	1	0	15	0
    32401	2020-09-06 08:07:46	1	0	15	0
    32501	2020-09-06 08:12:41	1	0	15	0
    32602	2020-09-06 08:16:23	1	0	15	0
    32602	2020-09-06 08:16:25	1	0	15	0
    32403	2020-09-06 08:16:55	1	0	15	0
    32402	2020-09-06 08:56:10	1	0	15	0
    32601	2020-09-06 16:03:57	1	0	15	0
    32402	2020-09-06 16:05:16	1	0	15	0
    32602	2020-09-06 16:07:46	1	0	15	0
    32401	2020-09-06 16:09:05	1	0	15	0
    32403	2020-09-06 16:45:37	1	0	15	0
    32403	2020-09-06 16:45:39	1	0	15	0
    32501	2020-09-06 17:29:58	1	0	15	0
    32601	2020-09-07 07:47:55	1	0	15	0
    32602	2020-09-07 07:48:00	1	0	15	0
    32602	2020-09-07 07:48:02	1	0	15	0
    32401	2020-09-07 07:58:36	1	0	15	0
    32501	2020-09-07 08:04:52	1	0	15	0
    32501	2020-09-07 08:04:54	1	0	15	0
    32402	2020-09-07 08:14:40	1	0	15	0
    32402	2020-09-07 08:14:41	1	0	15	0
    32403	2020-09-07 08:32:37	1	0	15	0
    32101	2020-09-07 09:11:29	1	0	15	0
    32602	2020-09-07 16:01:36	1	0	15	0
    32602	2020-09-07 16:01:38	1	0	15	0
    32402	2020-09-07 16:01:43	1	0	15	0
    32601	2020-09-07 16:06:26	1	0	15	0
    32401	2020-09-07 16:06:49	1	0	15	0
    32401	2020-09-07 16:06:51	1	0	15	0
    32403	2020-09-07 16:08:22	1	0	15	0
    32403	2020-09-07 16:08:24	1	0	15	0
    32501	2020-09-07 16:55:10	1	0	15	0
    32601	2020-09-08 07:52:11	1	0	15	0
    32601	2020-09-08 07:52:13	1	0	15	0
    32501	2020-09-08 08:02:40	1	0	15	0
    32402	2020-09-08 08:12:29	1	0	15	0
    32401	2020-09-08 08:12:37	1	0	15	0
    32403	2020-09-08 08:19:49	1	0	15	0
    32602	2020-09-08 08:35:25	1	0	15	0
    32602	2020-09-08 08:35:27	1	0	15	0
    32602	2020-09-08 09:41:27	1	1	15	0
    32602	2020-09-08 09:41:29	1	1	15	0
    32602	2020-09-08 09:42:55	1	1	15	0
    32602	2020-09-08 09:45:16	1	0	15	0
    32602	2020-09-08 09:45:32	1	0	15	0
    32602	2020-09-08 09:45:40	1	0	15	0
    32602	2020-09-08 09:45:42	1	0	15	0
    32602	2020-09-08 09:45:44	1	0	15	0
    32602	2020-09-08 09:46:39	1	0	15	0
    32602	2020-09-08 09:46:41	1	0	15	0
    32602	2020-09-08 09:49:38	1	0	15	0
    32601	2020-09-08 09:50:15	1	0	15	0
    32602	2020-09-08 09:52:27	1	0	15	0
    32602	2020-09-08 09:52:29	1	0	15	0
    32602	2020-09-08 09:52:32	1	0	15	0
    32602	2020-09-08 09:52:34	1	0	15	0
    32602	2020-09-08 09:53:57	1	0	15	0
    32602	2020-09-08 09:56:52	1	0	15	0
    32602	2020-09-08 10:38:00	1	0	15	0
    32602	2020-09-08 10:38:02	1	0	15	0
    32101	2020-09-08 10:39:20	1	0	15	0
    32602	2020-09-08 10:51:07	1	0	15	0
    32601	2020-09-08 10:51:15	1	0	15	0
    32101	2020-09-08 10:52:34	1	0	15	0
    32101	2020-09-08 10:52:49	1	0	15	0
    32403	2020-09-08 15:58:41	1	0	15	0
    32403	2020-09-08 15:58:43	1	0	15	0
    32402	2020-09-08 15:59:24	1	0	15	0
    32402	2020-09-08 15:59:26	1	0	15	0
    32602	2020-09-08 15:59:39	1	0	15	0
    32601	2020-09-08 16:00:37	1	0	15	0
    32401	2020-09-08 16:06:43	1	0	15	0
    32401	2020-09-08 16:06:45	1	0	15	0
    32101	2020-09-08 16:23:36	1	0	15	0
    32501	2020-09-08 17:04:32	1	0	15	0
    32501	2020-09-08 17:04:34	1	0	15	0
    32601	2020-09-09 07:48:12	1	0	15	0
    32501	2020-09-09 08:00:52	1	0	15	0
    32401	2020-09-09 08:11:37	1	0	15	0
    32602	2020-09-09 08:41:03	1	0	15	0
    32602	2020-09-09 08:41:06	1	0	15	0
    32403	2020-09-09 08:42:23	1	0	15	0
    32402	2020-09-09 08:51:41	1	0	15	0
    32101	2020-09-09 11:02:28	1	0	15	0
    32101	2020-09-09 11:02:30	1	0	15	0
     9955	2020-09-09 15:05:49	1	0	4	0
    32101	2020-09-09 15:08:25	1	0	15	0
    32101	2020-09-09 15:08:26	1	0	15	0
    32101	2020-09-09 15:08:28	1	0	15	0
    32601	2020-09-09 16:00:10	1	0	15	0
    32403	2020-09-09 16:00:15	1	0	15	0
    32402	2020-09-09 16:01:06	1	0	15	0
    32101	2020-09-09 16:16:25	1	0	15	0
    32101	2020-09-09 16:16:27	1	0	15	0
    32602	2020-09-09 16:46:11	1	0	15	0
    32602	2020-09-10 07:42:17	1	0	15	0
    32602	2020-09-10 07:42:19	1	0	15	0
    32401	2020-09-10 08:06:29	1	0	15	0
    32501	2020-09-10 08:07:46	1	0	15	0
    32501	2020-09-10 08:07:48	1	0	15	0
    32601	2020-09-10 08:18:17	1	0	15	0
    32601	2020-09-10 08:18:19	1	0	15	0
    32402	2020-09-10 08:23:43	1	0	15	0
    32101	2020-09-10 08:57:26	1	0	15	0
    32602	2020-09-10 15:55:55	1	0	15	0
    32402	2020-09-10 15:58:20	1	0	15	0
    32601	2020-09-10 15:59:14	1	0	15	0
    32401	2020-09-10 16:01:33	1	0	15	0
    32101	2020-09-10 17:02:56	1	0	15	0
    32501	2020-09-10 17:03:35	1	0	15	0
    32402	2020-09-11 09:00:02	1	0	15	0
    32402	2020-09-11 15:42:53	1	0	15	0
    32602	2020-09-12 08:47:35	1	0	15	0
    32602	2020-09-12 08:47:38	1	0	15	0
    32402	2020-09-12 09:16:12	1	0	15	0
    32402	2020-09-12 15:39:28	1	0	15	0
    32602	2020-09-12 15:40:39	1	0	15	0
    32602	2020-09-13 07:40:12	1	0	15	0
    32501	2020-09-13 07:53:58	1	0	15	0
    32601	2020-09-13 08:00:21	1	0	15	0
    32402	2020-09-13 08:04:06	1	0	15	0
    32401	2020-09-13 08:15:34	1	0	15	0
    32403	2020-09-13 08:28:38	1	0	15	0
    32101	2020-09-13 09:12:12	1	0	15	0
    32602	2020-09-13 15:55:30	1	0	15	0
    32601	2020-09-13 15:57:02	1	0	15	0
    32601	2020-09-13 15:57:04	1	0	15	0
    32403	2020-09-13 15:57:07	1	0	15	0
    32501	2020-09-13 15:57:45	1	0	15	0
    32401	2020-09-13 16:02:58	1	0	15	0
    32101	2020-09-13 16:23:28	1	0	15	0
    32101	2020-09-13 16:23:31	1	0	15	0
    32402	2020-09-13 16:56:01	1	0	15	0
    32602	2020-09-14 07:56:48	1	0	15	0
    32402	2020-09-14 08:09:27	1	0	15	0
    32403	2020-09-14 08:12:08	1	0	15	0
    32101	2020-09-14 09:12:27	1	0	15	0
    32101	2020-09-14 09:12:29	1	0	15	0
    32403	2020-09-14 16:39:52	1	0	15	0
    32101	2020-09-14 16:52:41	1	0	15	0
    32101	2020-09-14 16:52:43	1	0	15	0
    32402	2020-09-14 16:53:08	1	0	15	0
    32601	2020-09-15 08:03:00	1	0	15	0
    32602	2020-09-15 08:06:47	1	0	15	0
    32101	2020-09-15 08:14:30	1	0	15	0
    32402	2020-09-15 08:16:52	1	0	15	0
    32401	2020-09-15 08:19:45	1	0	15	0
    32403	2020-09-15 08:36:59	1	0	15	0
    32602	2020-09-15 15:57:41	1	0	15	0
    32601	2020-09-15 15:58:48	1	0	15	0
    32403	2020-09-15 15:59:51	1	0	15	0
    32401	2020-09-15 16:04:15	1	0	15	0
    32401	2020-09-15 16:04:17	1	0	15	0
    32101	2020-09-15 16:04:35	1	0	15	0
    32101	2020-09-15 16:04:36	1	0	15	0
    32402	2020-09-15 16:55:13	1	0	15	0
    32402	2020-09-15 16:55:16	1	0	15	0
    32601	2020-09-16 07:55:00	1	0	15	0
    32501	2020-09-16 08:05:34	1	0	15	0
    32401	2020-09-16 08:12:15	1	0	15	0
    32602	2020-09-16 08:13:17	1	0	15	0
    32101	2020-09-16 08:19:00	1	0	15	0
    32101	2020-09-16 08:19:03	1	0	15	0
    32402	2020-09-16 08:56:20	1	0	15	0
    32101	2020-09-16 15:46:06	1	0	15	0
    32101	2020-09-16 15:46:09	1	0	15	0
    32502	2020-09-16 15:47:49	1	0	15	0
    32502	2020-09-16 15:47:51	1	0	15	0
    32602	2020-09-16 15:48:34	1	0	15	0
    32502	2020-09-16 15:59:14	1	0	15	0
    32502	2020-09-16 15:59:16	1	0	15	0
    32601	2020-09-16 15:59:47	1	0	15	0
    32601	2020-09-16 15:59:49	1	0	15	0
    32501	2020-09-16 16:00:49	1	0	15	0
    32401	2020-09-16 16:03:39	1	0	15	0
    32402	2020-09-16 16:51:51	1	0	15	0
    32601	2020-09-17 07:50:41	1	0	15	0
    32402	2020-09-17 07:59:08	1	0	15	0
    32501	2020-09-17 08:09:11	1	0	15	0
    32401	2020-09-17 08:14:48	1	0	15	0
    32403	2020-09-17 08:17:08	1	0	15	0
    32101	2020-09-17 08:22:45	1	0	15	0
     9955	2020-09-17 08:31:45	1	0	4	0
    32602	2020-09-17 08:51:22	1	0	15	0
     9955	2020-09-17 11:39:59	1	0	4	0
    32404	2020-09-17 11:40:55	1	0	15	0
    32404	2020-09-17 11:40:57	1	0	15	0
    32601	2020-09-17 13:59:08	1	0	15	0
    32101	2020-09-17 15:54:21	1	0	15	0
    32404	2020-09-17 15:58:57	1	0	15	0
    32404	2020-09-17 15:58:59	1	0	15	0
    32501	2020-09-17 16:00:59	1	0	15	0
    32403	2020-09-17 16:01:17	1	0	15	0
    32403	2020-09-17 16:01:19	1	0	15	0
    32401	2020-09-17 16:01:35	1	0	15	0
    32402	2020-09-17 16:51:59	1	0	15	0
    32602	2020-09-17 16:52:21	1	0	15	0
    32403	2020-09-18 09:30:03	1	0	15	0
    32403	2020-09-18 09:30:06	1	0	15	0
    32403	2020-09-18 15:50:05	1	0	15	0
    32403	2020-09-18 15:50:07	1	0	15	0
    32403	2020-09-19 09:29:30	1	0	15	0
    32602	2020-09-19 15:48:49	1	0	15	0
    32602	2020-09-19 15:48:50	1	0	15	0
    32403	2020-09-19 15:50:03	1	0	15	0
    32403	2020-09-19 15:50:05	1	0	15	0
    32602	2020-09-20 07:56:30	1	0	15	0
    32401	2020-09-20 08:03:18	1	0	15	0
    32402	2020-09-20 08:06:57	1	0	15	0
    32501	2020-09-20 08:10:51	1	0	15	0
    32404	2020-09-20 08:11:07	1	0	15	0
    32404	2020-09-20 08:11:08	1	0	15	0
    32403	2020-09-20 08:26:07	1	0	15	0
    32101	2020-09-20 08:26:55	1	0	15	0
    32404	2020-09-20 15:06:27	1	0	15	0
    32404	2020-09-20 15:06:29	1	0	15	0
    32402	2020-09-20 15:57:06	1	0	15	0
    32101	2020-09-20 15:57:48	1	0	15	0
    32501	2020-09-20 15:59:47	1	0	15	0
    32401	2020-09-20 16:03:28	1	0	15	0
    32602	2020-09-20 16:09:27	1	0	15	0
    32403	2020-09-20 16:57:31	1	0	15	0
    32601	2020-09-21 07:53:34	1	0	15	0
    32601	2020-09-21 07:53:36	1	0	15	0
    32602	2020-09-21 08:07:03	1	0	15	0
    32402	2020-09-21 08:10:41	1	0	15	0
    32501	2020-09-21 08:11:05	1	0	15	0
    32401	2020-09-21 08:14:50	1	0	15	0
    32101	2020-09-21 08:24:19	1	0	15	0
    32101	2020-09-21 08:24:21	1	0	15	0
    32403	2020-09-21 09:48:07	1	0	15	0
    32404	2020-09-21 10:16:39	1	0	15	0
    32404	2020-09-21 10:16:41	1	0	15	0
    32404	2020-09-21 10:18:23	1	0	15	0
    32404	2020-09-21 10:18:25	1	0	15	0
    32101	2020-09-21 15:53:07	1	0	15	0
    32101	2020-09-21 15:53:09	1	0	15	0
    32602	2020-09-21 15:53:42	1	0	15	0
    32601	2020-09-21 15:54:35	1	0	15	0
    32402	2020-09-21 15:58:14	1	0	15	0
    32404	2020-09-21 16:00:01	1	0	15	0
    32404	2020-09-21 16:00:03	1	0	15	0
    32501	2020-09-21 16:01:07	1	0	15	0
    32401	2020-09-21 16:10:11	1	0	15	0
    32403	2020-09-21 17:04:29	1	0	15	0
    32601	2020-09-22 07:45:12	1	0	15	0
    32602	2020-09-22 08:01:09	1	0	15	0
    32501	2020-09-22 08:10:20	1	0	15	0
    32404	2020-09-22 08:11:24	1	0	15	0
    32401	2020-09-22 08:14:13	1	0	15	0
    32101	2020-09-22 08:27:11	1	0	15	0
    32403	2020-09-22 08:28:24	1	0	15	0
    32404	2020-09-22 15:49:35	1	0	15	0
    32602	2020-09-22 15:49:49	1	0	15	0
    32402	2020-09-22 15:50:17	1	0	15	0
    32601	2020-09-22 15:51:58	1	0	15	0
    32601	2020-09-22 15:52:00	1	0	15	0
    32501	2020-09-22 15:55:52	1	0	15	0
    32101	2020-09-22 16:00:34	1	0	15	0
    32401	2020-09-22 16:02:40	1	0	15	0
    32403	2020-09-22 16:56:33	1	0	15	0
    32602	2020-09-23 07:47:51	1	0	15	0
    32601	2020-09-23 07:59:39	1	0	15	0
    32501	2020-09-23 08:13:16	1	0	15	0
    32401	2020-09-23 08:13:54	1	0	15	0
    32404	2020-09-23 08:14:31	1	0	15	0
    32403	2020-09-23 08:41:48	1	0	15	0
    32101	2020-09-23 08:45:10	1	0	15	0
    32101	2020-09-23 15:49:29	1	0	15	0
    32601	2020-09-23 15:49:38	1	0	15	0
    32602	2020-09-23 15:49:56	1	0	15	0
    32404	2020-09-23 15:50:23	1	0	15	0
    32404	2020-09-23 15:50:25	1	0	15	0
    32501	2020-09-23 15:51:03	1	0	15	0
    32401	2020-09-23 16:06:42	1	0	15	0
    32403	2020-09-23 16:49:56	1	0	15	0
    32601	2020-09-24 08:00:32	1	0	15	0
    32601	2020-09-24 08:00:34	1	0	15	0
    32501	2020-09-24 08:09:44	1	0	15	0
    32404	2020-09-24 08:10:11	1	0	15	0
    32401	2020-09-24 08:21:02	1	0	15	0
    32403	2020-09-24 08:23:11	1	0	15	0
    32101	2020-09-24 08:38:57	1	0	15	0
    32101	2020-09-24 08:38:58	1	0	15	0
    32602	2020-09-24 08:44:24	1	0	15	0
    32401	2020-09-24 16:09:10	1	0	15	0
    32501	2020-09-24 16:18:02	1	0	15	0
    32404	2020-09-24 16:18:14	1	0	15	0
    32404	2020-09-24 16:18:16	1	0	15	0
    32601	2020-09-24 16:20:00	1	0	15	0
    32101	2020-09-24 16:26:08	1	0	15	0
    32403	2020-09-24 16:57:20	1	0	15	0
    32602	2020-09-24 16:57:35	1	0	15	0
    32602	2020-09-24 16:57:37	1	0	15	0
    32501	2020-09-25 09:10:45	1	0	15	0
    32501	2020-09-25 16:48:58	1	0	15	0
    32602	2020-09-26 08:09:01	1	0	15	0
    32602	2020-09-26 08:09:03	1	0	15	0
    32501	2020-09-26 09:14:23	1	0	15	0
    32501	2020-09-26 16:04:35	1	0	15	0
    32602	2020-09-26 17:07:14	1	0	15	0
    32601	2020-09-27 07:46:19	1	0	15	0
    32602	2020-09-27 07:49:53	1	0	15	0
    32401	2020-09-27 08:08:38	1	0	15	0
    32501	2020-09-27 08:16:56	1	0	15	0
    32404	2020-09-27 08:17:22	1	0	15	0
    32101	2020-09-27 08:28:57	1	0	15	0
    32402	2020-09-27 08:47:28	1	0	15	0
    32403	2020-09-27 09:03:54	1	0	15	0
    32601	2020-09-27 15:55:14	1	0	15	0
    32601	2020-09-27 15:55:16	1	0	15	0
    32402	2020-09-27 15:57:27	1	0	15	0
    32403	2020-09-27 15:57:48	1	0	15	0
    32501	2020-09-27 15:57:58	1	0	15	0
    32101	2020-09-27 16:00:11	1	0	15	0
    32401	2020-09-27 16:02:19	1	0	15	0
    32404	2020-09-27 16:51:22	1	0	15	0
    32404	2020-09-27 16:51:24	1	0	15	0
    32602	2020-09-27 16:51:36	1	0	15	0
    32601	2020-09-28 08:01:57	1	0	15	0
    32601	2020-09-28 08:01:59	1	0	15	0
    32402	2020-09-28 08:07:27	1	0	15	0
    32501	2020-09-28 08:07:32	1	0	15	0
    32404	2020-09-28 08:09:07	1	0	15	0
    32404	2020-09-28 08:09:20	1	0	15	0
    32401	2020-09-28 08:11:55	1	0	15	0
    32602	2020-09-28 08:14:09	1	0	15	0
    32101	2020-09-28 08:29:22	1	0	15	0
    32101	2020-09-28 08:29:24	1	0	15	0
    32402	2020-09-28 16:01:41	1	0	15	0
    32501	2020-09-28 16:02:13	1	0	15	0
    32601	2020-09-28 16:02:28	1	0	15	0
    32401	2020-09-28 16:04:35	1	0	15	0
    32602	2020-09-28 17:00:34	1	0	15	0
    32404	2020-09-28 17:00:48	1	0	15	0
    32404	2020-09-28 17:00:50	1	0	15	0
    32101	2020-09-28 17:02:24	1	0	15	0
    32101	2020-09-28 17:02:26	1	0	15	0
    32602	2020-09-29 07:57:28	1	0	15	0
    32501	2020-09-29 08:15:56	1	0	15	0
    32404	2020-09-29 08:16:02	1	0	15	0
    32404	2020-09-29 08:16:05	1	0	15	0
    32401	2020-09-29 08:23:09	1	0	15	0
    32101	2020-09-29 08:36:44	1	0	15	0
    32101	2020-09-29 08:36:46	1	0	15	0
    32402	2020-09-29 08:55:22	1	0	15	0
    32402	2020-09-29 15:27:46	1	0	15	0
    32602	2020-09-29 15:28:11	1	0	15	0
    32101	2020-09-29 15:57:26	1	0	15	0
    32401	2020-09-29 16:01:39	1	0	15	0
    32501	2020-09-29 16:01:49	1	0	15	0
    32404	2020-09-29 16:46:51	1	0	15	0
    32601	2020-09-30 07:55:24	1	0	15	0
    32404	2020-09-30 08:01:34	1	0	15	0
    32404	2020-09-30 08:01:36	1	0	15	0
    32101	2020-09-30 08:06:14	1	0	15	0
    32401	2020-09-30 08:16:08	1	0	15	0
    32402	2020-09-30 08:56:28	1	0	15	0
    32402	2020-09-30 15:46:00	1	0	15	0
    32601	2020-09-30 16:01:21	1	0	15	0
    32401	2020-09-30 16:02:01	1	0	15	0
    32101	2020-09-30 16:02:15	1	0	15	0
    32404	2020-09-30 16:52:26	1	0	15	0
    32601	2020-10-01 07:50:50	1	0	15	0
    32602	2020-10-01 08:02:04	1	0	15	0
    32402	2020-10-01 08:09:26	1	0	15	0
    32602	2020-10-01 08:09:47	1	0	15	0
    32401	2020-10-01 08:12:49	1	0	15	0
    32101	2020-10-01 08:15:35	1	0	15	0
    32404	2020-10-01 08:24:16	1	0	15	0
    32404	2020-10-01 08:24:18	1	0	15	0
    32403	2020-10-01 08:41:28	1	0	15	0
    32101	2020-10-01 15:46:28	1	0	15	0
    32101	2020-10-01 15:46:30	1	0	15	0
    32601	2020-10-01 15:46:46	1	0	15	0
    32402	2020-10-01 15:55:06	1	0	15	0
    32401	2020-10-01 16:01:58	1	0	15	0
    32403	2020-10-01 16:14:37	1	0	15	0
    32602	2020-10-01 16:49:10	1	0	15	0
    32404	2020-10-01 16:49:18	1	0	15	0
    32404	2020-10-01 16:49:20	1	0	15	0
    32404	2020-10-02 09:19:09	1	0	15	0
    32602	2020-10-03 08:48:31	1	0	15	0
    32404	2020-10-03 09:22:49	1	0	15	0
    32404	2020-10-03 15:47:35	1	0	15	0
    32602	2020-10-04 07:11:38	1	0	15	0
    32401	2020-10-04 08:08:06	1	0	15	0
    32501	2020-10-04 08:08:21	1	0	15	0
    32404	2020-10-04 08:08:44	1	0	15	0
    32403	2020-10-04 08:17:20	1	0	15	0
    32101	2020-10-04 08:29:24	1	0	15	0
    32601	2020-10-04 08:58:27	1	0	15	0
    32402	2020-10-04 09:04:52	1	0	15	0
    32402	2020-10-04 15:40:59	1	0	15	0
    32404	2020-10-04 15:53:36	1	0	15	0
    32403	2020-10-04 15:55:49	1	0	15	0
    32601	2020-10-04 15:56:49	1	0	15	0
    32601	2020-10-04 15:56:51	1	0	15	0
    32101	2020-10-04 15:58:11	1	0	15	0
    32401	2020-10-04 16:03:30	1	0	15	0
    32501	2020-10-04 17:05:15	1	0	15	0
    32602	2020-10-04 17:05:39	1	0	15	0
    32602	2020-10-05 07:50:37	1	0	15	0
    32601	2020-10-05 07:52:19	1	0	15	0
    32402	2020-10-05 08:06:03	1	0	15	0
    32501	2020-10-05 08:07:52	1	0	15	0
    32404	2020-10-05 08:08:07	1	0	15	0
    32404	2020-10-05 08:08:09	1	0	15	0
    32401	2020-10-05 08:12:53	1	0	15	0
    32101	2020-10-05 08:23:38	1	0	15	0
    32403	2020-10-05 08:41:49	1	0	15	0
    32101	2020-10-05 15:51:42	1	0	15	0
    32402	2020-10-05 15:53:54	1	0	15	0
    32601	2020-10-05 15:54:03	1	0	15	0
    32403	2020-10-05 15:54:08	1	0	15	0
    32404	2020-10-05 15:54:29	1	0	15	0
    32401	2020-10-05 16:03:26	1	0	15	0
    32602	2020-10-05 16:56:59	1	0	15	0
    32501	2020-10-05 16:57:08	1	0	15	0
    32402	2020-10-06 08:00:14	1	0	15	0
    32501	2020-10-06 08:02:43	1	0	15	0
    32602	2020-10-06 08:10:53	1	0	15	0
    32401	2020-10-06 08:11:08	1	0	15	0
    32101	2020-10-06 08:11:55	1	0	15	0
    32601	2020-10-06 08:17:05	1	0	15	0
    32403	2020-10-06 08:31:45	1	0	15	0
    32404	2020-10-06 14:54:27	1	0	15	0
    32402	2020-10-06 15:52:03	1	0	15	0
    32101	2020-10-06 15:53:07	1	0	15	0
    32101	2020-10-06 15:53:09	1	0	15	0
    32601	2020-10-06 15:53:39	1	0	15	0
    32403	2020-10-06 15:54:15	1	0	15	0
    32401	2020-10-06 16:01:43	1	0	15	0
    32501	2020-10-06 17:04:41	1	0	15	0
    32602	2020-10-06 17:05:18	1	0	15	0
    32601	2020-10-07 08:08:19	1	0	15	0
    32501	2020-10-07 08:08:49	1	0	15	0
    32401	2020-10-07 08:12:07	1	0	15	0
    32402	2020-10-07 08:20:17	1	0	15	0
    32101	2020-10-07 08:33:48	1	0	15	0
    32403	2020-10-07 08:34:53	1	0	15	0
    32101	2020-10-07 15:37:45	1	0	15	0
    32101	2020-10-07 15:37:47	1	0	15	0
    32601	2020-10-07 15:44:47	1	0	15	0
    32402	2020-10-07 15:53:18	1	0	15	0
    32403	2020-10-07 15:55:26	1	0	15	0
    32401	2020-10-07 16:02:37	1	0	15	0
    32501	2020-10-07 17:00:15	1	0	15	0
    32403	2020-10-08 16:00:52	1	0	15	0
    32402	2020-10-09 09:00:22	1	0	15	0
    32402	2020-10-09 15:55:27	1	0	15	0
    32402	2020-10-10 09:12:39	1	0	15	0
    32402	2020-10-10 16:15:44	1	0	15	0
    32602	2020-10-10 16:43:44	1	0	15	0
    32402	2020-10-11 07:46:05	1	0	15	0
    32601	2020-10-11 07:50:08	1	0	15	0
    32602	2020-10-11 07:54:43	1	0	15	0
    32401	2020-10-11 08:07:22	1	0	15	0
    32501	2020-10-11 08:15:03	1	0	15	0
    32403	2020-10-11 08:15:16	1	0	15	0
    32404	2020-10-11 08:15:43	1	0	15	0
    32101	2020-10-11 08:36:52	1	0	15	0
    32101	2020-10-11 08:36:54	1	0	15	0
    32601	2020-10-11 15:55:29	1	0	15	0
    32404	2020-10-11 15:55:51	1	0	15	0
    32404	2020-10-11 15:55:53	1	0	15	0
    32404	2020-10-11 15:55:58	1	0	15	0
    32404	2020-10-11 15:56:00	1	0	15	0
    32401	2020-10-11 15:56:35	1	0	15	0
    32101	2020-10-11 15:57:00	1	0	15	0
    32501	2020-10-11 15:57:33	1	0	15	0
    32501	2020-10-11 15:57:35	1	0	15	0
    32501	2020-10-11 15:57:40	1	0	15	0
    32403	2020-10-11 15:58:25	1	0	15	0
    32602	2020-10-11 16:49:13	1	0	15	0
    32402	2020-10-11 16:50:01	1	0	15	0
    32402	2020-10-12 07:50:37	1	0	15	0
    32602	2020-10-12 08:11:06	1	0	15	0
    32401	2020-10-12 08:11:27	1	0	15	0
    32403	2020-10-12 08:11:41	1	0	15	0
    32501	2020-10-12 08:12:29	1	0	15	0
    32501	2020-10-12 08:12:32	1	0	15	0
    32404	2020-10-12 08:12:45	1	0	15	0
    32101	2020-10-12 08:37:23	1	0	15	0
    32601	2020-10-12 09:06:22	1	0	15	0
    32101	2020-10-12 15:57:13	1	0	15	0
    32601	2020-10-12 15:58:47	1	0	15	0
    32403	2020-10-12 16:00:23	1	0	15	0
    32404	2020-10-12 16:01:07	1	0	15	0
    32501	2020-10-12 16:01:59	1	0	15	0
    32401	2020-10-12 16:03:51	1	0	15	0
    32401	2020-10-12 16:03:53	1	0	15	0
    32602	2020-10-12 17:05:45	1	0	15	0
    32402	2020-10-12 17:06:52	1	0	15	0
    32602	2020-10-13 07:39:56	1	0	15	0
    32402	2020-10-13 07:49:06	1	0	15	0
    32402	2020-10-13 07:49:08	1	0	15	0
    32601	2020-10-13 07:59:21	1	0	15	0
    32401	2020-10-13 08:12:14	1	0	15	0
    32501	2020-10-13 08:17:36	1	0	15	0
    32101	2020-10-13 08:47:27	1	0	15	0
    32403	2020-10-13 09:22:35	1	0	15	0
    32601	2020-10-13 15:12:53	1	0	15	0
    32101	2020-10-13 15:57:34	1	0	15	0
    32404	2020-10-13 15:57:41	1	0	15	0
    32501	2020-10-13 15:57:59	1	0	15	0
    32403	2020-10-13 16:00:34	1	0	15	0
    32401	2020-10-13 16:00:46	1	0	15	0
    32602	2020-10-13 16:53:55	1	0	15	0
    32402	2020-10-13 16:56:01	1	0	15	0
    32601	2020-10-14 08:07:15	1	0	15	0
    32402	2020-10-14 08:18:40	1	0	15	0
    32501	2020-10-14 08:19:46	1	0	15	0
    32401	2020-10-14 08:19:54	1	0	15	0
    32404	2020-10-14 08:20:23	1	0	15	0
    32101	2020-10-14 08:33:40	1	0	15	0
    32602	2020-10-14 09:04:06	1	0	15	0
    32101	2020-10-14 15:51:40	1	0	15	0
    32404	2020-10-14 15:52:03	1	0	15	0
    32601	2020-10-14 15:53:07	1	0	15	0
    32501	2020-10-14 15:53:33	1	0	15	0
    32401	2020-10-14 16:01:19	1	0	15	0
    32602	2020-10-14 16:56:13	1	0	15	0
    32402	2020-10-14 16:56:45	1	0	15	0
    32602	2020-10-15 07:14:36	1	0	15	0
    32602	2020-10-15 07:14:39	1	0	15	0
    32403	2020-10-15 08:02:59	1	0	15	0
    32402	2020-10-15 08:03:41	1	0	15	0
    32601	2020-10-15 08:06:38	1	0	15	0
    32401	2020-10-15 08:16:27	1	0	15	0
    32501	2020-10-15 08:24:58	1	0	15	0
    32501	2020-10-15 08:25:05	1	0	15	0
    32501	2020-10-15 08:25:45	1	0	15	0
    32404	2020-10-15 08:25:58	1	0	15	0
    32101	2020-10-15 08:51:13	1	0	15	0
    32101	2020-10-15 08:51:15	1	0	15	0
    32101	2020-10-15 15:46:09	1	0	15	0
    32101	2020-10-15 15:46:11	1	0	15	0
    32601	2020-10-15 15:55:16	1	0	15	0
    32403	2020-10-15 16:01:29	1	0	15	0
    32403	2020-10-15 16:01:31	1	0	15	0
    32401	2020-10-15 16:01:42	1	0	15	0
    32404	2020-10-15 16:01:50	1	0	15	0
    32501	2020-10-15 16:08:55	1	0	15	0
    32602	2020-10-15 16:59:15	1	0	15	0
    32602	2020-10-15 16:59:17	1	0	15	0
    32402	2020-10-15 17:01:10	1	0	15	0
    32403	2020-10-16 09:37:42	1	0	15	0
    32403	2020-10-16 15:36:11	1	0	15	0
    32602	2020-10-17 09:19:12	1	0	15	0
    32403	2020-10-17 09:47:12	1	0	15	0
    32403	2020-10-17 15:58:53	1	0	15	0
    32602	2020-10-17 16:38:52	1	0	15	0
    32401	2020-10-18 07:16:14	1	0	15	0
    32602	2020-10-18 07:57:54	1	0	15	0
    32402	2020-10-18 07:59:25	1	0	15	0
    32601	2020-10-18 08:11:10	1	0	15	0
    32404	2020-10-18 08:15:01	1	0	15	0
    32501	2020-10-18 08:15:14	1	0	15	0
    32403	2020-10-18 08:48:02	1	0	15	0
    32101	2020-10-18 08:48:35	1	0	15	0
    32101	2020-10-18 08:48:37	1	0	15	0
    32404	2020-10-18 15:54:09	1	0	15	0
    32501	2020-10-18 15:55:23	1	0	15	0
    32601	2020-10-18 15:55:38	1	0	15	0
    32402	2020-10-18 15:56:12	1	0	15	0
    32101	2020-10-18 16:00:47	1	0	15	0
    32101	2020-10-18 16:00:49	1	0	15	0
    32401	2020-10-18 16:01:03	1	0	15	0
    32602	2020-10-18 16:49:31	1	0	15	0
    32602	2020-10-18 16:57:32	1	0	15	0
    32403	2020-10-18 17:00:53	1	0	15	0
    32402	2020-10-19 07:51:48	1	0	15	0
    32401	2020-10-19 07:52:23	1	0	15	0
    32101	2020-10-19 07:54:24	1	0	15	0
    32601	2020-10-19 07:54:58	1	0	15	0
    32501	2020-10-19 08:14:42	1	0	15	0
    32602	2020-10-19 08:21:02	1	0	15	0
    32404	2020-10-19 08:21:38	1	0	15	0
    32403	2020-10-19 08:27:52	1	0	15	0
    32101	2020-10-19 15:00:17	1	0	15	0
    32601	2020-10-19 15:57:09	1	0	15	0
    32404	2020-10-19 15:58:52	1	0	15	0
    32402	2020-10-19 16:00:02	1	0	15	0
    32501	2020-10-19 16:00:22	1	0	15	0
    32401	2020-10-19 16:00:39	1	0	15	0
    32602	2020-10-19 17:16:49	1	0	15	0
    32403	2020-10-19 17:17:42	1	0	15	0
    32402	2020-10-20 07:52:31	1	0	15	0
    32401	2020-10-20 08:08:01	1	0	15	0
    32602	2020-10-20 08:12:45	1	0	15	0
    32404	2020-10-20 08:34:25	1	0	15	0
    32403	2020-10-20 08:45:28	1	0	15	0
    32601	2020-10-20 08:49:14	1	0	15	0
    32101	2020-10-20 09:36:31	1	0	15	0
    32601	2020-10-20 14:47:24	1	0	15	0
    32404	2020-10-20 15:56:21	1	0	15	0
    32402	2020-10-20 15:57:40	1	0	15	0
    32101	2020-10-20 16:10:26	1	0	15	0
    32403	2020-10-20 16:57:47	1	0	15	0
    32602	2020-10-20 16:58:03	1	0	15	0
    32601	2020-10-21 07:37:25	1	0	15	0
    32402	2020-10-21 07:54:00	1	0	15	0
    32404	2020-10-21 08:21:36	1	0	15	0
    32403	2020-10-21 08:22:37	1	0	15	0
    32101	2020-10-21 08:23:07	1	0	15	0
    32602	2020-10-21 09:14:22	1	0	15	0
    32601	2020-10-21 13:18:23	1	0	15	0
    32402	2020-10-21 16:08:21	1	0	15	0
    32404	2020-10-21 16:08:49	1	0	15	0
    32101	2020-10-21 16:17:49	1	0	15	0
    32101	2020-10-21 16:17:51	1	0	15	0
    32403	2020-10-21 16:53:15	1	0	15	0
    32602	2020-10-21 16:53:42	1	0	15	0
    32402	2020-10-22 07:51:00	1	0	15	0
    32401	2020-10-22 08:10:34	1	0	15	0
    32404	2020-10-22 08:11:04	1	0	15	0
    32602	2020-10-22 08:18:47	1	0	15	0
    32403	2020-10-22 08:22:40	1	0	15	0
    32501	2020-10-22 08:38:41	1	0	15	0
    32101	2020-10-22 08:39:52	1	0	15	0
    32101	2020-10-22 14:51:46	1	0	15	0
    32101	2020-10-22 14:51:49	1	0	15	0
    32404	2020-10-22 15:58:55	1	0	15	0
    32401	2020-10-22 16:02:54	1	0	15	0
    32501	2020-10-22 16:49:29	1	0	15	0
    32602	2020-10-22 16:51:58	1	0	15	0
    32404	2020-10-23 09:21:37	1	0	15	0
    32404	2020-10-23 15:31:14	1	0	15	0
    32404	2020-10-24 09:12:16	1	0	15	0
    32404	2020-10-24 09:12:18	1	0	15	0
    32404	2020-10-24 15:34:01	1	0	15	0
    32402	2020-10-25 07:50:16	1	0	15	0
    32601	2020-10-25 07:55:55	1	0	15	0
    32401	2020-10-25 07:56:35	1	0	15	0
    32501	2020-10-25 08:07:17	1	0	15	0
    32404	2020-10-25 08:07:37	1	0	15	0
    32602	2020-10-25 08:09:49	1	0	15	0
    32403	2020-10-25 08:11:24	1	0	15	0
    32101	2020-10-25 08:26:02	1	0	15	0
    32101	2020-10-25 15:59:37	1	0	15	0
    32101	2020-10-25 15:59:39	1	0	15	0
    32401	2020-10-25 16:06:03	1	0	15	0
    32403	2020-10-25 16:13:56	1	0	15	0
    32601	2020-10-25 16:14:21	1	0	15	0
    32501	2020-10-25 16:14:43	1	0	15	0
    32404	2020-10-25 16:51:14	1	0	15	0
    32602	2020-10-25 16:51:28	1	0	15	0
    32402	2020-10-26 07:49:01	1	0	15	0
    32401	2020-10-26 07:53:52	1	0	15	0
    32403	2020-10-26 08:10:35	1	0	15	0
    32601	2020-10-26 08:13:42	1	0	15	0
    32101	2020-10-26 08:13:51	1	0	15	0
    32404	2020-10-26 08:16:03	1	0	15	0
    32501	2020-10-26 09:07:32	1	0	15	0
    32101	2020-10-26 15:49:36	1	0	15	0
    32601	2020-10-26 15:49:49	1	0	15	0
    32601	2020-10-26 15:49:51	1	0	15	0
    32501	2020-10-26 15:58:03	1	0	15	0
    32401	2020-10-26 16:06:30	1	0	15	0
    32404	2020-10-26 16:50:25	1	0	15	0
    32602	2020-10-27 07:28:32	1	0	15	0
    32402	2020-10-27 07:47:42	1	0	15	0
    32601	2020-10-27 08:05:44	1	0	15	0
    32401	2020-10-27 08:19:08	1	0	15	0
    32501	2020-10-27 08:20:34	1	0	15	0
    32404	2020-10-27 08:21:09	1	0	15	0
    32101	2020-10-27 08:38:15	1	0	15	0
    32403	2020-10-27 08:51:28	1	0	15	0
    32401	2020-10-27 14:51:46	1	0	15	0
    32501	2020-10-27 15:57:44	1	0	15	0
    32101	2020-10-27 16:01:45	1	0	15	0
    32601	2020-10-27 17:07:10	1	0	15	0
    32404	2020-10-27 17:09:21	1	0	15	0
    32602	2020-10-27 17:10:16	1	0	15	0
    32602	2020-10-28 07:54:23	1	0	15	0
    32601	2020-10-28 07:55:15	1	0	15	0
    32402	2020-10-28 08:18:20	1	0	15	0
    32401	2020-10-28 08:18:33	1	0	15	0
    32404	2020-10-28 08:21:48	1	0	15	0
    32501	2020-10-28 08:21:57	1	0	15	0
    32501	2020-10-28 08:22:12	1	0	15	0
    32601	2020-10-28 15:16:41	1	0	15	0
    32402	2020-10-28 15:54:29	1	0	15	0
    32401	2020-10-28 16:05:05	1	0	15	0
    32501	2020-10-28 16:27:57	1	0	15	0
    32404	2020-10-28 16:57:44	1	0	15	0
    32602	2020-10-28 16:58:27	1	0	15	0
    32404	2020-10-29 09:28:23	1	0	15	0
    32404	2020-10-29 16:00:23	1	0	15	0
    32501	2020-10-30 09:14:44	1	0	15	0
    32501	2020-10-30 16:14:21	1	0	15	0
    32501	2020-10-31 09:12:04	1	0	15	0
    32602	2020-10-31 09:36:57	1	0	15	0
    32401	2020-10-31 14:44:06	1	0	15	0
    32401	2020-10-31 16:26:17	1	0	15	0
    32501	2020-10-31 16:26:30	1	0	15	0
    32402	2020-11-01 07:49:29	1	0	15	0
    32602	2020-11-01 07:50:08	1	0	15	0
    32601	2020-11-01 07:57:58	1	0	15	0
    32404	2020-11-01 08:08:43	1	0	15	0
    32501	2020-11-01 08:09:07	1	0	15	0
    32501	2020-11-01 08:09:19	1	0	15	0
    32401	2020-11-01 08:18:30	1	0	15	0
    32101	2020-11-01 08:38:28	1	0	15	0
    32101	2020-11-01 08:38:30	1	0	15	0
    32404	2020-11-01 15:54:07	1	0	15	0
    32402	2020-11-01 15:55:49	1	0	15	0
    32403	2020-11-01 15:56:02	1	0	15	0
    32403	2020-11-01 15:56:04	1	0	15	0
    32601	2020-11-01 15:57:44	1	0	15	0
    32601	2020-11-01 15:57:46	1	0	15	0
    32101	2020-11-01 15:59:58	1	0	15	0
    32401	2020-11-01 16:02:48	1	0	15	0
    32501	2020-11-01 17:09:29	1	0	15	0
    32401	2020-11-02 07:56:45	1	0	15	0
    32501	2020-11-02 07:58:14	1	0	15	0
    32601	2020-11-02 08:03:38	1	0	15	0
    32402	2020-11-02 08:05:22	1	0	15	0
    32602	2020-11-02 08:07:45	1	0	15	0
    32403	2020-11-02 08:08:35	1	0	15	0
    32101	2020-11-02 08:29:50	1	0	15	0
    32403	2020-11-02 15:56:53	1	0	15	0
    32401	2020-11-02 15:59:56	1	0	15	0
    32402	2020-11-02 16:00:38	1	0	15	0
    32602	2020-11-02 16:29:36	1	0	15	0
    32501	2020-11-02 16:29:56	1	0	15	0
    32501	2020-11-02 16:30:09	1	0	15	0
    32501	2020-11-02 17:13:02	1	0	15	0
    32501	2020-11-02 17:13:13	1	0	15	0
    32601	2020-11-03 08:04:08	1	0	15	0
    32602	2020-11-03 08:04:24	1	0	15	0
    32402	2020-11-03 08:04:30	1	0	15	0
    32401	2020-11-03 08:08:13	1	0	15	0
    32404	2020-11-03 08:30:08	1	0	15	0
    32501	2020-11-03 08:30:33	1	0	15	0
    32501	2020-11-03 08:30:56	1	0	15	0
    32101	2020-11-03 08:34:21	1	0	15	0
    32101	2020-11-03 08:34:23	1	0	15	0
    32403	2020-11-03 08:53:27	1	0	15	0
    32402	2020-11-03 15:58:40	1	0	15	0
    32404	2020-11-03 15:59:22	1	0	15	0
    32403	2020-11-03 15:59:51	1	0	15	0
    32401	2020-11-03 16:03:48	1	0	15	0
    32601	2020-11-03 16:13:25	1	0	15	0
    32101	2020-11-03 16:13:34	1	0	15	0
    32602	2020-11-03 17:02:23	1	0	15	0
    32602	2020-11-03 17:02:25	1	0	15	0
    32501	2020-11-03 17:03:26	1	0	15	0
    32402	2020-11-04 08:05:09	1	0	15	0
    32501	2020-11-04 08:07:52	1	0	15	0
    32401	2020-11-04 08:18:02	1	0	15	0
    32602	2020-11-04 08:34:04	1	0	15	0
    32101	2020-11-04 08:34:37	1	0	15	0
    32601	2020-11-04 08:44:42	1	0	15	0
    32101	2020-11-04 14:32:58	1	0	15	0
    32601	2020-11-04 15:56:17	1	0	15	0
    32402	2020-11-04 16:00:30	1	0	15	0
    32402	2020-11-04 16:00:31	1	0	15	0
    32401	2020-11-04 16:01:31	1	0	15	0
    32602	2020-11-04 16:58:24	1	0	15	0
    32501	2020-11-04 16:58:36	1	0	15	0
    32501	2020-11-04 16:58:53	1	0	15	0
    32402	2020-11-05 07:54:22	1	0	15	0
    32601	2020-11-05 08:02:57	1	0	15	0
    32403	2020-11-05 08:08:26	1	0	15	0
    32501	2020-11-05 08:12:33	1	0	15	0
    32404	2020-11-05 08:12:53	1	0	15	0
    32401	2020-11-05 08:17:59	1	0	15	0
    32101	2020-11-05 08:46:57	1	0	15	0
    32404	2020-11-05 16:02:16	1	0	15	0
    32403	2020-11-05 16:04:57	1	0	15	0
    32101	2020-11-05 16:05:42	1	0	15	0
    32402	2020-11-05 16:07:54	1	0	15	0
    32401	2020-11-05 16:08:42	1	0	15	0
    32501	2020-11-05 16:54:31	1	0	15	0
    32501	2020-11-05 16:54:51	1	0	15	0
    32602	2020-11-05 17:46:20	1	0	15	0
    32402	2020-11-06 09:16:01	1	0	15	0
    32402	2020-11-06 15:31:09	1	0	15	0
    32402	2020-11-07 07:54:25	1	0	15	0
    32402	2020-11-07 16:17:08	1	0	15	0
    32402	2020-11-08 07:51:46	1	0	15	0
    32601	2020-11-08 07:55:33	1	0	15	0
    32501	2020-11-08 08:07:53	1	0	15	0
    32404	2020-11-08 08:08:06	1	0	15	0
    32403	2020-11-08 08:23:19	1	0	15	0
    32101	2020-11-08 08:34:35	1	0	15	0
    32101	2020-11-08 15:48:13	1	0	15	0
    32501	2020-11-08 16:00:11	1	0	15	0
    32404	2020-11-08 16:00:30	1	0	15	0
    32601	2020-11-08 16:00:58	1	0	15	0
    32403	2020-11-08 16:49:16	1	0	15	0
    32602	2020-11-08 16:49:37	1	0	15	0
    32602	2020-11-09 07:51:33	1	0	15	0
    32402	2020-11-09 07:55:21	1	0	15	0
    32402	2020-11-09 07:55:23	1	0	15	0
    32601	2020-11-09 08:09:40	1	0	15	0
    32404	2020-11-09 08:12:12	1	0	15	0
    32403	2020-11-09 08:13:32	1	0	15	0
    32101	2020-11-09 08:46:13	1	0	15	0
    32101	2020-11-09 14:30:15	1	0	15	0
     9955	2020-11-09 15:04:16	1	0	4	0
    32405	2020-11-09 15:06:02	1	0	15	0
    32405	2020-11-09 15:06:04	1	0	15	0
    32601	2020-11-09 15:58:50	1	0	15	0
    32405	2020-11-09 15:59:36	1	0	15	0
    32405	2020-11-09 15:59:39	1	0	15	0
    32404	2020-11-09 16:08:35	1	0	15	0
    32402	2020-11-09 16:51:41	1	0	15	0
    32403	2020-11-09 16:52:43	1	0	15	0
    32602	2020-11-09 16:54:29	1	0	15	0
    32602	2020-11-10 07:44:34	1	0	15	0
    32602	2020-11-10 07:44:36	1	0	15	0
    32402	2020-11-10 07:51:48	1	0	15	0
    32601	2020-11-10 08:01:41	1	0	15	0
    32401	2020-11-10 08:01:59	1	0	15	0
    32501	2020-11-10 08:11:10	1	0	15	0
    32501	2020-11-10 08:11:36	1	0	15	0
    32404	2020-11-10 08:17:13	1	0	15	0
    32405	2020-11-10 08:22:54	1	0	15	0
    32405	2020-11-10 08:22:56	1	0	15	0
    32403	2020-11-10 08:27:03	1	0	15	0
    32101	2020-11-10 08:38:52	1	0	15	0
    32101	2020-11-10 08:38:55	1	0	15	0
    32601	2020-11-10 14:28:32	1	0	15	0
    32101	2020-11-10 15:46:53	1	0	15	0
    32101	2020-11-10 15:46:55	1	0	15	0
    32405	2020-11-10 15:49:40	1	0	15	0
    32405	2020-11-10 15:49:42	1	0	15	0
    32403	2020-11-10 15:51:38	1	0	15	0
    32404	2020-11-10 15:54:34	1	0	15	0
    32501	2020-11-10 15:54:43	1	0	15	0
    32401	2020-11-10 16:00:53	1	0	15	0
    32602	2020-11-10 19:32:25	1	0	15	0
    32602	2020-11-10 19:32:27	1	0	15	0
    32404	2020-11-11 08:08:08	1	0	15	0
    32401	2020-11-11 08:14:58	1	0	15	0
    32405	2020-11-11 08:25:31	1	0	15	0
    32405	2020-11-11 08:25:33	1	0	15	0
    32402	2020-11-11 08:27:34	1	0	15	0
    32601	2020-11-11 08:42:21	1	0	15	0
    32101	2020-11-11 08:43:01	1	0	15	0
    32403	2020-11-11 10:11:11	1	0	15	0
    32405	2020-11-11 15:53:53	1	0	15	0
    32405	2020-11-11 15:53:55	1	0	15	0
    32404	2020-11-11 15:56:48	1	0	15	0
    32403	2020-11-11 15:59:52	1	0	15	0
    32401	2020-11-11 16:00:40	1	0	15	0
    32101	2020-11-11 16:13:33	1	0	15	0
    32601	2020-11-11 16:34:45	1	0	15	0
    32402	2020-11-11 17:02:49	1	0	15	0
    32402	2020-11-11 17:02:51	1	0	15	0
    32402	2020-11-12 07:48:37	1	0	15	0
    32501	2020-11-12 08:07:05	1	0	15	0
    32501	2020-11-12 08:07:39	1	0	15	0
    32601	2020-11-12 08:07:57	1	0	15	0
    32401	2020-11-12 08:17:11	1	0	15	0
    32403	2020-11-12 08:20:17	1	0	15	0
    32405	2020-11-12 08:26:51	1	0	15	0
    32405	2020-11-12 08:26:53	1	0	15	0
    32101	2020-11-12 08:47:41	1	0	15	0
    32405	2020-11-12 15:42:33	1	0	15	0
    32405	2020-11-12 15:42:35	1	0	15	0
    32601	2020-11-12 15:54:11	1	0	15	0
    32403	2020-11-12 15:56:53	1	0	15	0
    32403	2020-11-12 15:56:56	1	0	15	0
    32501	2020-11-12 15:58:00	1	0	15	0
    32101	2020-11-12 15:59:04	1	0	15	0
    32401	2020-11-12 16:02:23	1	0	15	0
    32402	2020-11-12 17:04:59	1	0	15	0
    32403	2020-11-13 15:57:35	1	0	15	0
    32403	2020-11-14 09:14:23	1	0	15	0
    32403	2020-11-14 15:50:31	1	0	15	0
    32602	2020-11-14 17:02:02	1	0	15	0
    32602	2020-11-15 07:40:35	1	0	15	0
    32602	2020-11-15 07:40:37	1	0	15	0
    32601	2020-11-15 07:56:48	1	1	15	0
    32402	2020-11-15 07:58:38	1	1	15	0
    32501	2020-11-15 08:10:28	1	1	15	0
    32404	2020-11-15 08:11:04	1	1	15	0
    32401	2020-11-15 08:13:28	1	1	15	0
    32403	2020-11-15 09:03:41	1	1	15	0
    32601	2020-11-15 16:00:08	1	1	15	0
    32404	2020-11-15 16:00:15	1	1	15	0
    32501	2020-11-15 16:00:28	1	1	15	0
    32501	2020-11-15 16:00:30	1	1	15	0
    32401	2020-11-15 16:03:43	1	1	15	0
    32602	2020-11-15 16:51:44	1	1	15	0
    32403	2020-11-15 16:52:11	1	1	15	0
    32402	2020-11-16 07:49:42	1	1	15	0
    32404	2020-11-16 08:13:10	1	1	15	0
    32501	2020-11-16 08:13:16	1	1	15	0
    32602	2020-11-16 08:13:22	1	1	15	0
    32401	2020-11-16 08:14:58	1	1	15	0
    32403	2020-11-16 08:26:38	1	1	15	0
    32101	2020-11-16 08:56:53	1	1	15	0
    32101	2020-11-16 08:56:56	1	1	15	0
    32601	2020-11-16 09:19:10	1	1	15	0
    32101	2020-11-16 15:58:31	1	1	15	0
    32404	2020-11-16 16:02:00	1	1	15	0
    32501	2020-11-16 16:03:01	1	1	15	0
    32401	2020-11-16 16:03:50	1	1	15	0
    32402	2020-11-16 16:05:26	1	1	15	0
    32602	2020-11-16 16:46:24	1	1	15	0
    32403	2020-11-16 16:47:02	1	1	15	0
    32402	2020-11-17 07:57:46	1	1	15	0
    32602	2020-11-17 08:00:45	1	1	15	0
    32403	2020-11-17 08:01:11	1	1	15	0
    32601	2020-11-17 08:10:36	1	1	15	0
    32404	2020-11-17 08:14:56	1	1	15	0
    32401	2020-11-17 08:17:46	1	1	15	0
    32501	2020-11-17 08:20:05	1	1	15	0
    32501	2020-11-17 08:20:13	1	1	15	0
    32101	2020-11-17 08:39:44	1	1	15	0
    32601	2020-11-17 15:28:27	1	0	15	0
    32402	2020-11-17 15:53:08	1	0	15	0
    32101	2020-11-17 15:56:06	1	0	15	0
    32501	2020-11-17 15:57:40	1	0	15	0
    32501	2020-11-17 15:57:42	1	0	15	0
    32401	2020-11-17 15:57:53	1	0	15	0
    32404	2020-11-17 15:58:32	1	0	15	0
    32601	2020-11-17 16:01:23	1	0	15	0
    32601	2020-11-17 16:01:25	1	0	15	0
    32602	2020-11-17 16:55:28	1	0	15	0
    32402	2020-11-18 07:56:17	1	0	15	0
    32601	2020-11-18 08:02:44	1	0	15	0
    32501	2020-11-18 08:12:49	1	0	15	0
    32404	2020-11-18 08:13:17	1	0	15	0
    32401	2020-11-18 08:15:08	1	0	15	0
    32101	2020-11-18 08:47:36	1	0	15	0
    32602	2020-11-18 09:05:12	1	0	15	0
    32403	2020-11-18 10:07:58	1	0	15	0
    32101	2020-11-18 15:51:29	1	0	15	0
    32402	2020-11-18 15:53:05	1	0	15	0
    32501	2020-11-18 15:54:08	1	0	15	0
    32501	2020-11-18 15:54:10	1	0	15	0
    32601	2020-11-18 15:55:28	1	0	15	0
    32401	2020-11-18 16:04:01	1	0	15	0
    32602	2020-11-18 16:49:21	1	0	15	0
    32403	2020-11-18 16:49:42	1	0	15	0
    32402	2020-11-19 07:49:08	1	0	15	0
    32602	2020-11-19 08:08:01	1	0	15	0
    32401	2020-11-19 08:12:48	1	0	15	0
    32501	2020-11-19 08:19:15	1	0	15	0
    32403	2020-11-19 08:37:23	1	0	15	0
    32601	2020-11-19 08:40:10	1	0	15	0
    32101	2020-11-19 08:43:14	1	0	15	0
    32101	2020-11-19 08:43:16	1	0	15	0
    32402	2020-11-19 15:09:18	1	0	15	0
    32101	2020-11-19 15:59:38	1	0	15	0
    32601	2020-11-19 15:59:44	1	0	15	0
    32501	2020-11-19 16:13:17	1	0	15	0
    32403	2020-11-19 16:50:06	1	0	15	0
    32602	2020-11-19 16:50:24	1	0	15	0
    32501	2020-11-20 09:26:56	1	0	15	0
    32501	2020-11-20 15:00:12	1	0	15	0
    32501	2020-11-21 09:22:28	1	0	15	0
    32501	2020-11-21 15:08:18	1	0	15	0
    32602	2020-11-22 07:36:59	1	0	15	0
    32402	2020-11-22 07:55:36	1	0	15	0
    32401	2020-11-22 08:12:03	1	0	15	0
    32401	2020-11-22 08:12:05	1	0	15	0
    32601	2020-11-22 08:17:18	1	0	15	0
    32501	2020-11-22 08:18:05	1	0	15	0
    32404	2020-11-22 08:18:43	1	0	15	0
    32403	2020-11-22 08:33:11	1	0	15	0
    32101	2020-11-22 08:42:36	1	0	15	0
    32601	2020-11-22 15:54:38	1	0	15	0
    32101	2020-11-22 15:59:07	1	0	15	0
    32101	2020-11-22 15:59:09	1	0	15	0
    32402	2020-11-22 16:00:18	1	0	15	0
    32401	2020-11-22 16:01:08	1	0	15	0
    32403	2020-11-22 16:02:17	1	0	15	0
    32602	2020-11-22 16:56:16	1	0	15	0
    32501	2020-11-22 16:56:39	1	0	15	0
    32402	2020-11-23 07:53:51	1	0	15	0
    32401	2020-11-23 08:16:04	1	0	15	0
    32501	2020-11-23 08:17:15	1	0	15	0
    32404	2020-11-23 08:17:36	1	0	15	0
    32101	2020-11-23 08:55:32	1	0	15	0
    32101	2020-11-23 15:54:13	1	0	15	0
    32101	2020-11-23 15:54:15	1	0	15	0
    32401	2020-11-23 16:00:26	1	0	15	0
    32404	2020-11-23 16:00:45	1	0	15	0
    32402	2020-11-23 16:06:12	1	0	15	0
    32501	2020-11-23 16:52:42	1	0	15	0
    32501	2020-11-23 16:53:03	1	0	15	0
    32501	2020-11-23 16:53:05	1	0	15	0
    32402	2020-11-24 07:48:44	1	0	15	0
    32601	2020-11-24 08:09:20	1	0	15	0
    32404	2020-11-24 08:17:18	1	0	15	0
    32501	2020-11-24 08:17:31	1	0	15	0
    32403	2020-11-24 08:17:38	1	0	15	0
    32501	2020-11-24 08:17:44	1	0	15	0
    32501	2020-11-24 08:17:52	1	0	15	0
    32401	2020-11-24 08:19:25	1	0	15	0
    32101	2020-11-24 08:47:25	1	0	15	0
    32101	2020-11-24 15:53:27	1	0	15	0
    32404	2020-11-24 15:55:43	1	0	15	0
    32403	2020-11-24 15:57:39	1	0	15	0
    32601	2020-11-24 15:57:56	1	0	15	0
    32401	2020-11-24 16:01:50	1	0	15	0
    32501	2020-11-24 16:52:08	1	0	15	0
    32602	2020-11-24 16:59:24	1	0	15	0
    32402	2020-11-25 07:48:44	1	0	15	0
    32602	2020-11-25 08:00:02	1	0	15	0
    32601	2020-11-25 08:02:49	1	0	15	0
    32601	2020-11-25 08:02:51	1	0	15	0
    32501	2020-11-25 08:12:23	1	0	15	0
    32501	2020-11-25 08:12:29	1	0	15	0
    32404	2020-11-25 08:12:46	1	0	15	0
    32401	2020-11-25 08:18:16	1	0	15	0
    32403	2020-11-25 08:30:09	1	0	15	0
    32101	2020-11-25 08:58:54	1	0	15	0
    32404	2020-11-25 11:33:15	1	0	15	0
    32101	2020-11-25 15:52:16	1	0	15	0
    32601	2020-11-25 15:55:27	1	0	15	0
    32404	2020-11-25 15:55:56	1	0	15	0
    32403	2020-11-25 15:57:23	1	0	15	0
    32401	2020-11-25 15:59:09	1	0	15	0
    32501	2020-11-25 16:47:31	1	0	15	0
    32501	2020-11-25 16:47:42	1	0	15	0
    32602	2020-11-25 16:48:53	1	0	15	0
    32402	2020-11-26 07:46:19	1	0	15	0
    32501	2020-11-26 08:07:56	1	0	15	0
    32601	2020-11-26 08:19:42	1	0	15	0
    32401	2020-11-26 08:21:49	1	0	15	0
    32403	2020-11-26 08:45:17	1	0	15	0
    32101	2020-11-26 09:11:09	1	0	15	0
    32602	2020-11-26 09:19:58	1	0	15	0
    32602	2020-11-26 09:20:00	1	0	15	0
    32401	2020-11-26 16:02:08	1	0	15	0
    32404	2020-11-26 16:04:24	1	0	15	0
    32601	2020-11-26 16:04:44	1	0	15	0
    32101	2020-11-26 16:07:23	1	0	15	0
    32403	2020-11-26 16:25:07	1	0	15	0
    32404	2020-11-27 09:32:27	1	0	15	0
    32404	2020-11-28 09:24:15	1	0	15	0
    32404	2020-11-28 15:35:33	1	0	15	0
    32602	2020-11-28 18:11:53	1	0	15	0
    32602	2020-11-28 18:11:55	1	0	15	0
    32402	2020-11-29 07:49:38	1	0	15	0
    32601	2020-11-29 08:04:02	1	0	15	0
    32404	2020-11-29 08:13:12	1	0	15	0
    32404	2020-11-29 08:13:14	1	0	15	0
    32401	2020-11-29 08:20:50	1	0	15	0
    32403	2020-11-29 08:34:15	1	0	15	0
    32602	2020-11-29 09:38:21	1	0	15	0
    32501	2020-11-29 09:43:00	1	0	15	0
    32601	2020-11-29 15:34:31	1	0	15	0
    32601	2020-11-29 15:34:33	1	0	15	0
    32501	2020-11-29 16:05:48	1	0	15	0
    32401	2020-11-29 16:05:52	1	0	15	0
    32403	2020-11-29 16:06:17	1	0	15	0
    32602	2020-11-29 16:41:50	1	0	15	0
    32404	2020-11-29 16:42:27	1	0	15	0
    32402	2020-11-30 07:50:57	1	0	15	0
    32602	2020-11-30 08:19:05	1	0	15	0
    32404	2020-11-30 08:19:21	1	0	15	0
    32401	2020-11-30 08:20:10	1	0	15	0
    32403	2020-11-30 08:32:55	1	0	15	0
    32101	2020-11-30 09:02:25	1	0	15	0
    32101	2020-11-30 09:02:27	1	0	15	0
     9955	2020-11-30 10:16:40	1	0	4	0
     9955	2020-11-30 10:16:55	1	0	4	0
     9955	2020-11-30 10:16:59	1	0	4	0
     9955	2020-11-30 10:17:02	1	0	4	0
    32101	2020-11-30 10:17:38	1	0	15	0
    32601	2020-11-30 15:57:50	1	0	15	0
    32101	2020-11-30 15:59:15	1	0	15	0
    32403	2020-11-30 15:59:23	1	0	15	0
    32602	2020-11-30 16:44:00	1	0	15	0
    32404	2020-11-30 16:44:09	1	0	15	0
    32402	2020-12-01 07:52:08	1	0	15	0
    32601	2020-12-01 07:57:52	1	0	15	0
    32601	2020-12-01 07:57:54	1	0	15	0
    32404	2020-12-01 08:15:28	1	0	15	0
    32401	2020-12-01 08:17:20	1	0	15	0
    32602	2020-12-01 08:31:06	1	0	15	0
    32101	2020-12-01 08:51:01	1	0	15	0
    32403	2020-12-01 09:41:50	1	0	15	0
    32601	2020-12-01 14:06:04	1	0	15	0
    32101	2020-12-01 15:52:17	1	0	15	0
    32401	2020-12-01 16:03:28	1	0	15	0
    32403	2020-12-01 16:05:52	1	0	15	0
    32404	2020-12-01 16:38:13	1	0	15	0
    32602	2020-12-01 17:23:24	1	0	15	0
    32601	2020-12-02 07:50:38	1	0	15	0
    32402	2020-12-02 07:53:51	1	0	15	0
    32501	2020-12-02 08:12:37	1	0	15	0
    32404	2020-12-02 08:13:05	1	0	15	0
    32401	2020-12-02 08:36:22	1	0	15	0
    32101	2020-12-02 08:47:44	1	0	15	0
    32101	2020-12-02 15:47:04	1	0	15	0
    32101	2020-12-02 15:47:06	1	0	15	0
    32402	2020-12-02 15:56:12	1	0	15	0
    32402	2020-12-02 15:56:14	1	0	15	0
    32501	2020-12-02 15:56:28	1	0	15	0
    32601	2020-12-02 15:57:44	1	0	15	0
    32401	2020-12-02 16:01:13	1	0	15	0
    32404	2020-12-02 16:49:40	1	0	15	0
    32602	2020-12-02 17:00:22	1	0	15	0
    32602	2020-12-03 07:40:57	1	0	15	0
    32402	2020-12-03 07:52:17	1	0	15	0
    32601	2020-12-03 07:52:57	1	0	15	0
    32601	2020-12-03 07:52:59	1	0	15	0
    32501	2020-12-03 08:06:37	1	0	15	0
    32404	2020-12-03 08:07:00	1	0	15	0
    32403	2020-12-03 08:07:21	1	0	15	0
    32401	2020-12-03 08:09:43	1	0	15	0
    32101	2020-12-03 08:49:47	1	0	15	0
    32101	2020-12-03 13:25:10	1	0	15	0
    32601	2020-12-03 14:41:36	1	0	15	0
    32404	2020-12-03 15:54:35	1	0	15	0
    32402	2020-12-03 15:54:47	1	0	15	0
    32402	2020-12-03 15:54:49	1	0	15	0
    32403	2020-12-03 15:54:56	1	0	15	0
    32401	2020-12-03 15:59:49	1	0	15	0
    32602	2020-12-03 16:44:20	1	0	15	0
    32501	2020-12-03 16:46:10	1	0	15	0
    32402	2020-12-04 09:13:01	1	0	15	0
    32402	2020-12-04 15:51:42	1	0	15	0
    32402	2020-12-05 07:55:28	1	0	15	0
    32602	2020-12-05 15:57:50	1	0	15	0
    32402	2020-12-05 15:58:09	1	0	15	0
    32402	2020-12-06 07:50:19	1	0	15	0
    32401	2020-12-06 08:13:09	1	0	15	0
    32501	2020-12-06 08:13:51	1	0	15	0
    32404	2020-12-06 08:14:26	1	0	15	0
    32403	2020-12-06 08:14:35	1	0	15	0
    32101	2020-12-06 08:28:39	1	0	15	0
    32101	2020-12-06 15:52:40	1	0	15	0
    32101	2020-12-06 15:52:42	1	0	15	0
    32401	2020-12-06 16:02:30	1	0	15	0
    32403	2020-12-06 16:17:01	1	0	15	0
    32501	2020-12-06 16:18:55	1	0	15	0
    32404	2020-12-06 16:20:02	1	0	15	0
    32602	2020-12-06 16:58:50	1	0	15	0
    32402	2020-12-06 16:59:49	1	0	15	0
    32602	2020-12-07 07:36:38	1	0	15	0
    32501	2020-12-07 08:00:53	1	0	15	0
    32501	2020-12-07 08:01:04	1	0	15	0
    32404	2020-12-07 08:01:17	1	0	15	0
    32601	2020-12-07 08:13:55	1	0	15	0
    32403	2020-12-07 08:18:50	1	0	15	0
    32401	2020-12-07 08:23:33	1	0	15	0
    32101	2020-12-07 08:46:54	1	0	15	0
    32404	2020-12-07 15:55:42	1	0	15	0
    32403	2020-12-07 15:55:50	1	0	15	0
    32501	2020-12-07 15:56:04	1	0	15	0
    32501	2020-12-07 15:56:06	1	0	15	0
    32601	2020-12-07 15:56:56	1	0	15	0
    32601	2020-12-07 15:56:58	1	0	15	0
    32602	2020-12-07 15:57:38	1	0	15	0
    32401	2020-12-07 15:58:56	1	0	15	0
    32101	2020-12-07 16:07:57	1	0	15	0
    32402	2020-12-07 16:53:03	1	0	15	0
    32601	2020-12-08 07:56:47	1	0	15	0
    32602	2020-12-08 08:04:59	1	0	15	0
    32401	2020-12-08 08:17:24	1	0	15	0
    32501	2020-12-08 08:23:27	1	0	15	0
    32402	2020-12-08 08:26:58	1	0	15	0
    32403	2020-12-08 08:30:08	1	0	15	0
    32101	2020-12-08 08:54:26	1	0	15	0
    32401	2020-12-08 15:49:38	1	0	15	0
    32101	2020-12-08 15:50:59	1	0	15	0
    32403	2020-12-08 15:52:01	1	0	15	0
    32601	2020-12-08 15:52:13	1	0	15	0
    32601	2020-12-08 15:52:15	1	0	15	0
    32501	2020-12-08 15:52:55	1	0	15	0
    32501	2020-12-08 15:53:09	1	0	15	0
    32402	2020-12-08 16:51:32	1	0	15	0
    32602	2020-12-08 16:52:12	1	0	15	0
    32601	2020-12-09 08:15:26	1	0	15	0
    32501	2020-12-09 08:15:40	1	0	15	0
    32501	2020-12-09 08:15:49	1	0	15	0
    32404	2020-12-09 08:15:55	1	0	15	0
    32401	2020-12-09 08:20:51	1	0	15	0
    32403	2020-12-09 10:37:59	1	0	15	0
    32501	2020-12-09 15:58:39	1	0	15	0
    32404	2020-12-09 15:58:57	1	0	15	0
    32601	2020-12-09 16:00:13	1	0	15	0
    32403	2020-12-09 16:44:52	1	0	15	0
    32601	2020-12-10 07:57:19	1	0	15	0
    32404	2020-12-10 08:04:58	1	0	15	0
    32401	2020-12-10 08:10:25	1	0	15	0
    32402	2020-12-10 08:11:50	1	0	15	0
    32501	2020-12-10 08:23:07	1	0	15	0
    32403	2020-12-10 08:24:50	1	0	15	0
    32404	2020-12-10 15:58:36	1	0	15	0
    32601	2020-12-10 15:58:45	1	0	15	0
    32403	2020-12-10 15:58:56	1	0	15	0
    32501	2020-12-10 15:59:07	1	0	15	0
    32501	2020-12-10 15:59:26	1	0	15	0
    32401	2020-12-10 16:01:04	1	0	15	0
    32402	2020-12-10 16:46:42	1	0	15	0
    32403	2020-12-11 10:34:11	1	0	15	0
    32403	2020-12-11 15:58:16	1	0	15	0
    32403	2020-12-12 09:59:04	1	0	15	0
    32602	2020-12-12 11:15:06	1	0	15	0
    32403	2020-12-12 16:11:35	1	0	15	0
    32602	2020-12-12 17:38:30	1	0	15	0
    32602	2020-12-13 07:59:54	1	0	15	0
    32602	2020-12-13 07:59:56	1	0	15	0
    32601	2020-12-13 08:07:30	1	0	15	0
    32403	2020-12-13 08:09:23	1	0	15	0
    32402	2020-12-13 08:09:46	1	0	15	0
    32404	2020-12-13 08:12:41	1	0	15	0
    32401	2020-12-13 08:19:43	1	0	15	0
    32501	2020-12-13 08:23:48	1	0	15	0
    32101	2020-12-13 08:29:32	1	0	15	0
    32404	2020-12-13 15:54:24	1	0	15	0
    32501	2020-12-13 15:54:36	1	0	15	0
    32601	2020-12-13 15:54:45	1	0	15	0
    32402	2020-12-13 15:55:33	1	0	15	0
    32401	2020-12-13 15:58:34	1	0	15	0
    32101	2020-12-13 16:04:46	1	0	15	0
    32101	2020-12-13 16:04:48	1	0	15	0
    32403	2020-12-13 16:44:02	1	0	15	0
    32602	2020-12-13 19:20:15	1	5	15	0
    32402	2020-12-14 08:00:07	1	5	15	0
    32601	2020-12-14 08:04:19	1	5	15	0
    32602	2020-12-14 08:05:08	1	5	15	0
    32602	2020-12-14 08:05:10	1	5	15	0
    32501	2020-12-14 08:06:24	1	5	15	0
    32404	2020-12-14 08:06:42	1	5	15	0
    32404	2020-12-14 08:06:45	1	5	15	0
    32401	2020-12-14 08:16:13	1	5	15	0
    32403	2020-12-14 08:57:54	1	5	15	0
    32101	2020-12-14 11:08:29	1	5	15	0
    32101	2020-12-14 15:51:01	1	5	15	0
    32601	2020-12-14 15:58:48	1	5	15	0
    32401	2020-12-14 15:59:18	1	5	15	0
    32404	2020-12-14 15:59:48	1	5	15	0
    32501	2020-12-14 16:02:22	1	5	15	0
    32402	2020-12-14 16:35:47	1	5	15	0
    32602	2020-12-14 16:50:52	1	5	15	0
    32403	2020-12-14 16:50:59	1	5	15	0
    32601	2020-12-15 07:52:50	1	5	15	0
    32402	2020-12-15 08:11:36	1	5	15	0
    32401	2020-12-15 08:12:21	1	5	15	0
    32403	2020-12-15 08:13:03	1	5	15	0
    32501	2020-12-15 08:16:15	1	5	15	0
    32404	2020-12-15 08:16:27	1	5	15	0
    32101	2020-12-15 08:46:23	1	5	15	0
    32601	2020-12-15 15:15:01	1	5	15	0
    32101	2020-12-15 15:53:19	1	5	15	0
    32101	2020-12-15 15:53:21	1	5	15	0
    32401	2020-12-15 15:57:21	1	5	15	0
    32404	2020-12-15 16:02:04	1	5	15	0
    32501	2020-12-15 16:02:14	1	5	15	0
    32403	2020-12-15 16:55:07	1	5	15	0
    32602	2020-12-16 07:51:48	1	5	15	0
    32602	2020-12-16 07:51:50	1	5	15	0
    32601	2020-12-16 07:54:26	1	5	15	0
    32402	2020-12-16 08:05:43	1	5	15	0
    32402	2020-12-16 08:05:45	1	5	15	0
    32501	2020-12-16 08:12:29	1	5	15	0
    32401	2020-12-16 08:20:09	1	5	15	0
    32403	2020-12-16 08:31:53	1	5	15	0
    32101	2020-12-16 10:56:03	1	5	15	0
    32101	2020-12-16 15:52:47	1	5	15	0
    32101	2020-12-16 15:52:49	1	5	15	0
    32601	2020-12-16 15:56:10	1	5	15	0
    32601	2020-12-16 15:56:12	1	5	15	0
    32402	2020-12-16 15:56:25	1	5	15	0
    32501	2020-12-16 15:56:35	1	5	15	0
    32602	2020-12-16 15:56:56	1	5	15	0
    32404	2020-12-16 15:57:06	1	5	15	0
    32401	2020-12-16 15:58:29	1	5	15	0
    32403	2020-12-16 16:50:36	1	5	15	0
    32501	2020-12-17 08:18:32	1	5	15	0
    32601	2020-12-17 08:18:44	1	5	15	0
    32402	2020-12-17 08:21:23	1	5	15	0
    32401	2020-12-17 08:21:38	1	5	15	0
    32101	2020-12-17 08:37:15	1	5	15	0
    32403	2020-12-17 10:11:02	1	5	15	0
    32601	2020-12-17 15:08:06	1	0	15	0
    32101	2020-12-17 15:42:06	1	0	15	0
    32402	2020-12-17 15:48:57	1	0	15	0
    32501	2020-12-17 16:03:23	1	0	15	0
    32401	2020-12-17 16:03:45	1	0	15	0
    32403	2020-12-17 16:38:26	1	0	15	0
    32602	2020-12-17 16:48:44	1	0	15	0
    32602	2020-12-17 16:48:47	1	0	15	0
    32404	2020-12-18 09:39:18	1	0	15	0
    32404	2020-12-18 15:03:36	1	0	15	0
    32404	2020-12-18 15:44:55	1	0	15	0
    32404	2020-12-19 09:29:49	1	0	15	0
    32602	2020-12-19 10:48:32	1	0	15	0
    32404	2020-12-19 15:49:37	1	0	15	0
    32602	2020-12-19 16:56:09	1	0	15	0
    32403	2020-12-20 08:01:09	1	0	15	0
    32402	2020-12-20 08:06:16	1	0	15	0
    32402	2020-12-20 08:06:18	1	0	15	0
    32402	2020-12-20 08:06:27	1	0	15	0
    32501	2020-12-20 08:14:07	1	0	15	0
    32404	2020-12-20 08:15:24	1	0	15	0
    32401	2020-12-20 08:24:23	1	0	15	0
    32602	2020-12-20 08:39:42	1	0	15	0
    32101	2020-12-20 09:00:10	1	0	15	0
    32101	2020-12-20 15:55:41	1	0	15	0
    32401	2020-12-20 16:00:39	1	0	15	0
    32403	2020-12-20 16:01:00	1	0	15	0
    32501	2020-12-20 16:01:12	1	0	15	0
    32404	2020-12-20 16:58:10	1	0	15	0
    32602	2020-12-20 17:00:03	1	0	15	0
    32602	2020-12-21 07:52:07	1	0	15	0
    32601	2020-12-21 08:02:02	1	0	15	0
    32404	2020-12-21 08:02:47	1	0	15	0
    32402	2020-12-21 08:13:41	1	0	15	0
    32401	2020-12-21 08:22:12	1	0	15	0
    32101	2020-12-21 08:54:43	1	0	15	0
    32501	2020-12-21 09:52:07	1	0	15	0
    32402	2020-12-21 15:55:46	1	0	15	0
    32101	2020-12-21 15:56:58	1	0	15	0
    32501	2020-12-21 15:57:11	1	0	15	0
    32501	2020-12-21 15:57:13	1	0	15	0
    32601	2020-12-21 15:57:56	1	0	15	0
    32401	2020-12-21 16:01:24	1	0	15	0
    32602	2020-12-21 16:42:03	1	0	15	0
    32404	2020-12-21 16:44:56	1	0	15	0
    32402	2020-12-22 08:07:44	1	0	15	0
    32403	2020-12-22 08:13:00	1	0	15	0
    32403	2020-12-22 08:13:01	1	0	15	0
    32401	2020-12-22 08:20:51	1	0	15	0
    32404	2020-12-22 08:21:19	1	0	15	0
    32101	2020-12-22 09:00:28	1	0	15	0
    32101	2020-12-22 09:00:30	1	0	15	0
    32101	2020-12-22 15:41:46	1	0	15	0
    32101	2020-12-22 15:41:48	1	0	15	0
    32402	2020-12-22 15:51:51	1	0	15	0
    32401	2020-12-22 16:01:14	1	0	15	0
    32403	2020-12-22 16:30:33	1	0	15	0
    32404	2020-12-22 16:30:46	1	0	15	0
    32602	2020-12-22 17:01:31	1	0	15	0
    32501	2020-12-23 07:58:24	1	0	15	0
    32601	2020-12-23 08:02:12	1	0	15	0
    32404	2020-12-23 08:34:12	1	0	15	0
    32101	2020-12-23 09:17:39	1	0	15	0
    32403	2020-12-23 09:57:15	1	0	15	0
    32101	2020-12-23 15:48:48	1	0	15	0
    32501	2020-12-23 15:53:00	1	0	15	0
    32403	2020-12-23 15:53:22	1	0	15	0
    32601	2020-12-23 15:54:03	1	0	15	0
    32601	2020-12-23 15:54:05	1	0	15	0
    32404	2020-12-23 16:33:12	1	0	15	0
    32602	2020-12-23 16:33:47	1	0	15	0
    32601	2020-12-24 07:54:27	1	0	15	0
    32501	2020-12-24 08:12:42	1	0	15	0
    32404	2020-12-24 08:12:59	1	0	15	0
    32403	2020-12-24 08:15:41	1	0	15	0
    32402	2020-12-24 08:18:02	1	0	15	0
    32602	2020-12-24 08:37:48	1	0	15	0
    32101	2020-12-24 08:47:11	1	0	15	0
    32601	2020-12-24 15:16:44	1	0	15	0
    32402	2020-12-24 15:45:52	1	0	15	0
    32501	2020-12-24 15:46:50	1	0	15	0
    32403	2020-12-24 15:49:12	1	0	15	0
    32101	2020-12-24 15:51:31	1	0	15	0
    32602	2020-12-24 16:43:50	1	0	15	0
    32404	2020-12-24 16:43:56	1	0	15	0
    32501	2020-12-25 09:04:17	1	0	15	0
    32501	2020-12-25 15:56:44	1	0	15	0
    32501	2020-12-26 09:01:23	1	0	15	0
    32501	2020-12-26 16:26:39	1	0	15	0
    32602	2020-12-26 16:38:06	1	0	15	0
    32602	2020-12-26 16:38:09	1	0	15	0
    32602	2020-12-27 07:25:41	1	0	15	0
    32601	2020-12-27 08:11:24	1	0	15	0
    32501	2020-12-27 08:14:59	1	0	15	0
    32402	2020-12-27 08:17:26	1	0	15	0
    32403	2020-12-27 08:19:45	1	0	15	0
    32401	2020-12-27 08:20:02	1	0	15	0
    32101	2020-12-27 08:40:28	1	0	15	0
    32101	2020-12-27 15:44:27	1	0	15	0
    32101	2020-12-27 15:44:29	1	0	15	0
    32601	2020-12-27 15:51:30	1	0	15	0
    32403	2020-12-27 15:53:41	1	0	15	0
    32402	2020-12-27 15:57:15	1	0	15	0
    32401	2020-12-27 15:57:47	1	0	15	0
    32602	2020-12-27 16:50:58	1	0	15	0
    32501	2020-12-27 16:56:21	1	0	15	0
    32601	2020-12-28 08:06:47	1	0	15	0
    32501	2020-12-28 08:09:07	1	0	15	0
    32401	2020-12-28 08:18:42	1	0	15	0
    32402	2020-12-28 08:18:51	1	0	15	0
    32402	2020-12-28 08:18:53	1	0	15	0
    32101	2020-12-28 08:48:58	1	0	15	0
    32402	2020-12-28 15:46:59	1	0	15	0
    32401	2020-12-28 16:03:15	1	0	15	0
    32101	2020-12-28 16:24:25	1	0	15	0
    32501	2020-12-28 16:44:04	1	0	15	0
    32602	2020-12-28 16:44:26	1	0	15	0
    32403	2020-12-29 08:08:21	1	0	15	0
    32402	2020-12-29 08:15:08	1	0	15	0
    32501	2020-12-29 08:30:21	1	0	15	0
    32401	2020-12-29 08:32:24	1	0	15	0
    32601	2020-12-29 08:43:04	1	0	15	0
    32101	2020-12-29 09:02:18	1	0	15	0
    32402	2020-12-29 15:53:19	1	0	15	0
    32401	2020-12-29 15:58:25	1	0	15	0
    32601	2020-12-29 16:00:50	1	0	15	0
    32602	2020-12-29 16:08:55	1	0	15	0
    32602	2020-12-29 16:08:57	1	0	15	0
    32101	2020-12-29 16:29:04	1	0	15	0
    32403	2020-12-29 16:29:45	1	0	15	0
    32501	2020-12-29 16:59:42	1	0	15	0
    32601	2020-12-30 07:57:47	1	0	15	0
    32402	2020-12-30 08:10:58	1	0	15	0
    32401	2020-12-30 08:19:04	1	0	15	0
    32403	2020-12-30 08:21:30	1	0	15	0
    32501	2020-12-30 08:25:38	1	0	15	0
    32501	2020-12-30 08:25:45	1	0	15	0
    32402	2020-12-30 15:56:44	1	0	15	0
    32403	2020-12-30 15:56:59	1	0	15	0
    32403	2020-12-30 15:57:02	1	0	15	0
    32601	2020-12-30 15:57:12	1	0	15	0
    32601	2020-12-30 15:57:13	1	0	15	0
    32401	2020-12-30 16:03:19	1	0	15	0
    32501	2020-12-30 16:50:38	1	0	15	0
    32602	2020-12-30 16:51:02	1	0	15	0
    32602	2020-12-31 07:52:11	1	0	15	0
    32404	2020-12-31 08:05:19	1	0	15	0
    32601	2020-12-31 08:11:20	1	0	15	0
    32501	2020-12-31 08:21:39	1	0	15	0
    32401	2020-12-31 08:32:41	1	0	15	0
    32403	2020-12-31 09:09:15	1	0	15	0
    32601	2020-12-31 15:56:34	1	0	15	0
    32403	2020-12-31 15:56:58	1	0	15	0
    32404	2020-12-31 15:57:12	1	0	15	0
    32401	2020-12-31 16:03:10	1	0	15	0
    32402	2020-12-31 16:03:44	1	0	15	0
    32501	2020-12-31 16:48:00	1	0	15	0
    32501	2020-12-31 16:48:02	1	0	15	0
    32501	2020-12-31 16:48:16	1	0	15	0
    32602	2020-12-31 16:48:20	1	0	15	0
    32402	2021-01-01 09:06:33	1	0	15	0
    32402	2021-01-01 09:06:35	1	0	15	0
    32401	2021-01-01 12:40:53	1	0	15	0
    32401	2021-01-01 15:11:21	1	0	15	0
    32402	2021-01-01 15:56:09	1	0	15	0
    32402	2021-01-02 09:06:49	1	0	15	0
    32602	2021-01-02 10:00:02	1	0	15	0
    32402	2021-01-02 16:07:42	1	0	15	0
    32602	2021-01-02 16:07:52	1	0	15	0
    32602	2021-01-03 07:15:55	1	0	15	0
    32403	2021-01-03 07:57:36	1	0	15	0
    32404	2021-01-03 08:00:51	1	0	15	0
    32402	2021-01-03 08:10:23	1	0	15	0
    32402	2021-01-03 08:10:25	1	0	15	0
    32601	2021-01-03 08:15:02	1	0	15	0
    32401	2021-01-03 08:24:03	1	0	15	0
    32501	2021-01-03 08:34:08	1	0	15	0
    32501	2021-01-03 08:34:12	1	0	15	0
    32101	2021-01-03 08:42:03	1	0	15	0
    32404	2021-01-03 15:27:13	1	0	15	0
    32101	2021-01-03 15:58:40	1	0	15	0
    32401	2021-01-03 15:59:56	1	0	15	0
    32501	2021-01-03 16:02:16	1	0	15	0
    32403	2021-01-03 16:02:45	1	0	15	0
    32601	2021-01-03 16:03:55	1	0	15	0
    32402	2021-01-03 16:32:41	1	0	15	0
    32602	2021-01-03 16:32:47	1	0	15	0
    32602	2021-01-04 07:57:34	1	0	15	0
    32601	2021-01-04 08:00:19	1	0	15	0
    32401	2021-01-04 08:23:23	1	0	15	0
    32403	2021-01-04 08:28:23	1	0	15	0
    32101	2021-01-04 08:56:11	1	0	15	0
    32404	2021-01-04 09:45:18	1	0	15	0
    32402	2021-01-04 10:00:20	1	0	15	0
    32402	2021-01-04 10:00:22	1	0	15	0
    32403	2021-01-04 16:03:35	1	0	15	0
    32404	2021-01-04 16:03:43	1	0	15	0
    32101	2021-01-04 16:08:51	1	0	15	0
    32401	2021-01-04 16:10:09	1	0	15	0
    32601	2021-01-04 16:15:39	1	0	15	0
    32402	2021-01-04 16:31:57	1	0	15	0
    32602	2021-01-04 16:46:16	1	0	15	0
    32602	2021-01-04 16:46:17	1	0	15	0
    32602	2021-01-05 07:54:11	1	0	15	0
    32601	2021-01-05 08:02:33	1	0	15	0
    32401	2021-01-05 08:11:32	1	0	15	0
    32404	2021-01-05 08:12:33	1	0	15	0
    32501	2021-01-05 08:20:48	1	0	15	0
    32402	2021-01-05 08:22:39	1	0	15	0
    32403	2021-01-05 10:03:02	1	0	15	0
    32601	2021-01-05 13:37:33	1	0	15	0
    32401	2021-01-05 16:03:05	1	0	15	0
    32401	2021-01-05 16:03:08	1	0	15	0
    32501	2021-01-05 16:04:57	1	0	15	0
    32403	2021-01-05 16:05:03	1	0	15	0
    32404	2021-01-05 16:05:37	1	0	15	0
    32101	2021-01-05 16:24:40	1	0	15	0
    32402	2021-01-05 16:40:56	1	0	15	0
    32602	2021-01-05 16:41:49	1	0	15	0
    32602	2021-01-06 08:00:14	1	0	15	0
    32404	2021-01-06 08:21:19	1	0	15	0
    32403	2021-01-06 08:23:38	1	0	15	0
    32401	2021-01-06 08:24:37	1	0	15	0
    32402	2021-01-06 08:32:54	1	0	15	0
    32403	2021-01-06 16:02:52	1	0	15	0
    32404	2021-01-06 16:03:17	1	0	15	0
    32401	2021-01-06 16:08:03	1	0	15	0
    32402	2021-01-06 16:46:51	1	0	15	0
    32402	2021-01-06 16:46:53	1	0	15	0
    32602	2021-01-06 16:47:00	1	0	15	0
    32501	2021-01-07 08:58:58	1	0	15	0
    32501	2021-01-07 16:14:35	1	0	15	0
    32403	2021-01-08 09:10:19	1	0	15	0
    32403	2021-01-08 16:13:48	1	0	15	0
    32403	2021-01-09 09:39:14	1	0	15	0
    32403	2021-01-09 16:07:07	1	0	15	0
    32602	2021-01-09 16:51:30	1	0	15	0
    32602	2021-01-09 16:51:32	1	0	15	0
    32602	2021-01-10 07:50:08	1	0	15	0
    32404	2021-01-10 08:06:14	1	0	15	0
    32402	2021-01-10 08:17:53	1	0	15	0
    32501	2021-01-10 08:21:11	1	0	15	0
    32401	2021-01-10 08:26:53	1	0	15	0
    32403	2021-01-10 08:35:25	1	0	15	0
    32601	2021-01-10 08:58:27	1	0	15	0
    32101	2021-01-10 09:26:07	1	0	15	0
     9955	2021-01-10 13:49:45	1	0	4	0
     9955	2021-01-10 13:50:06	1	0	4	0
    32101	2021-01-10 13:50:47	1	0	15	0
    32601	2021-01-10 16:03:48	1	0	15	0
    32404	2021-01-10 16:04:23	1	0	15	0
    32501	2021-01-10 16:04:45	1	0	15	0
    32101	2021-01-10 16:04:56	1	0	15	0
    32401	2021-01-10 16:06:53	1	0	15	0
    32402	2021-01-10 16:10:48	1	0	15	0
    32602	2021-01-10 16:43:13	1	0	15	0
    32403	2021-01-10 16:44:08	1	0	15	0
    32601	2021-01-11 07:47:54	1	0	15	0
    32403	2021-01-11 08:06:51	1	0	15	0
    32404	2021-01-11 08:08:55	1	0	15	0
    32401	2021-01-11 08:20:13	1	0	15	0
    90598	2021-01-11 08:24:43	1	0	15	0
    90598	2021-01-11 08:24:45	1	0	15	0
    32602	2021-01-11 08:26:40	1	0	15	0
    90399	2021-01-11 08:58:22	1	0	15	0
    90399	2021-01-11 08:58:24	1	0	15	0
    32101	2021-01-11 09:03:32	1	0	15	0
    32101	2021-01-11 09:03:34	1	0	15	0
    32501	2021-01-11 10:06:01	1	0	15	0
    32101	2021-01-11 15:35:20	1	0	15	0
    32403	2021-01-11 16:02:06	1	0	15	0
    32401	2021-01-11 16:03:31	1	0	15	0
    32101	2021-01-11 16:03:56	1	0	15	0
    32601	2021-01-11 16:06:17	1	0	15	0
    32501	2021-01-11 16:07:40	1	0	15	0
    32602	2021-01-11 16:58:52	1	0	15	0
    90399	2021-01-11 16:59:00	1	0	15	0
    90399	2021-01-11 16:59:02	1	0	15	0
    90598	2021-01-11 16:59:08	1	0	15	0
    90598	2021-01-11 16:59:10	1	0	15	0
    32404	2021-01-11 16:59:14	1	0	15	0
    32602	2021-01-12 07:31:19	1	0	15	0
    32601	2021-01-12 08:00:50	1	0	15	0
    32404	2021-01-12 08:10:40	1	0	15	0
    32501	2021-01-12 08:10:47	1	0	15	0
    32401	2021-01-12 08:18:44	1	0	15	0
    32403	2021-01-12 08:34:12	1	0	15	0
    32402	2021-01-12 08:37:33	1	0	15	0
    90598	2021-01-12 08:43:36	1	0	15	0
    90598	2021-01-12 08:43:38	1	0	15	0
    90399	2021-01-12 08:53:04	1	0	15	0
    90399	2021-01-12 08:53:06	1	0	15	0
    32101	2021-01-12 14:52:49	1	0	15	0
    32403	2021-01-12 15:59:04	1	0	15	0
    32403	2021-01-12 15:59:06	1	0	15	0
    32401	2021-01-12 15:59:22	1	0	15	0
    32601	2021-01-12 15:59:30	1	0	15	0
    32501	2021-01-12 16:00:55	1	0	15	0
    32501	2021-01-12 16:00:57	1	0	15	0
    32402	2021-01-12 16:02:30	1	0	15	0
    32402	2021-01-12 16:02:32	1	0	15	0
    90399	2021-01-12 17:00:15	1	0	15	0
    90399	2021-01-12 17:00:17	1	0	15	0
    32602	2021-01-12 17:01:19	1	0	15	0
    32404	2021-01-12 17:02:15	1	0	15	0
    90598	2021-01-12 17:03:39	1	0	15	0
    90598	2021-01-12 17:03:41	1	0	15	0
    32601	2021-01-13 08:01:02	1	0	15	0
    90598	2021-01-13 08:07:49	1	0	15	0
    90598	2021-01-13 08:07:50	1	0	15	0
    32501	2021-01-13 08:14:42	1	0	15	0
    32404	2021-01-13 08:15:24	1	0	15	0
    32401	2021-01-13 08:22:39	1	0	15	0
    32101	2021-01-13 08:46:41	1	0	15	0
    32101	2021-01-13 08:49:33	1	0	15	0
    32101	2021-01-13 08:49:35	1	0	15	0
    90399	2021-01-13 08:56:57	1	0	15	0
    90399	2021-01-13 08:56:59	1	0	15	0
    32602	2021-01-13 09:12:24	1	0	15	0
    32402	2021-01-13 10:00:04	1	0	15	0
    32402	2021-01-13 10:00:06	1	0	15	0
    32101	2021-01-13 15:43:08	1	0	15	0
    32101	2021-01-13 15:43:10	1	0	15	0
    32402	2021-01-13 15:51:59	1	0	15	0
    32601	2021-01-13 15:57:51	1	0	15	0
    32601	2021-01-13 15:57:53	1	0	15	0
    32401	2021-01-13 16:05:22	1	0	15	0
    32501	2021-01-13 16:51:14	1	0	15	0
    32404	2021-01-13 16:51:35	1	0	15	0
    32404	2021-01-13 16:51:37	1	0	15	0
    90399	2021-01-13 16:51:47	1	0	15	0
    90399	2021-01-13 16:51:49	1	0	15	0
    90598	2021-01-13 16:51:53	1	0	15	0
    90598	2021-01-13 16:51:55	1	0	15	0
    32602	2021-01-13 16:52:23	1	0	15	0
    32601	2021-01-14 08:00:46	1	0	15	0
    32402	2021-01-14 08:15:17	1	0	15	0
    32401	2021-01-14 08:21:01	1	0	15	0
    32501	2021-01-14 08:23:15	1	0	15	0
    32403	2021-01-14 08:23:25	1	0	15	0
    90399	2021-01-14 09:00:39	1	0	15	0
    90399	2021-01-14 09:00:41	1	0	15	0
    90598	2021-01-14 09:17:10	1	0	15	0
    90598	2021-01-14 09:17:13	1	0	15	0
    32602	2021-01-14 09:23:28	1	0	15	0
    32101	2021-01-14 11:30:57	1	0	15	0
    32101	2021-01-14 11:30:59	1	0	15	0
    32101	2021-01-14 15:00:06	1	0	15	0
    32101	2021-01-14 15:00:08	1	0	15	0
    32402	2021-01-14 15:34:09	1	0	15	0
    32401	2021-01-14 15:59:33	1	0	15	0
    32403	2021-01-14 16:00:55	1	0	15	0
    32601	2021-01-14 16:01:28	1	0	15	0
    32602	2021-01-14 17:02:25	1	0	15	0
    32602	2021-01-14 17:02:27	1	0	15	0
    90399	2021-01-14 17:03:12	1	0	15	0
    90399	2021-01-14 17:03:14	1	0	15	0
    32501	2021-01-14 17:03:35	1	0	15	0
    32501	2021-01-14 17:04:24	1	0	15	0
    90598	2021-01-14 17:04:43	1	0	15	0
    90598	2021-01-14 17:04:45	1	0	15	0
    32404	2021-01-15 09:10:33	1	0	15	0
    32404	2021-01-15 15:25:07	1	0	15	0
    32404	2021-01-15 15:25:09	1	0	15	0
    32404	2021-01-15 15:26:39	1	0	15	0
    32402	2021-01-16 09:09:42	1	0	15	0
    32602	2021-01-16 10:10:36	1	0	15	0
    32601	2021-01-16 12:03:49	1	0	15	0
    32601	2021-01-16 12:03:50	1	0	15	0
    32601	2021-01-16 13:41:51	1	0	15	0
    32402	2021-01-16 15:58:44	1	0	15	0
    32602	2021-01-16 15:58:50	1	0	15	0
    32602	2021-01-17 07:15:19	1	0	15	0
    32501	2021-01-17 08:00:43	1	0	15	0
    32601	2021-01-17 08:02:52	1	0	15	0
    32402	2021-01-17 08:08:35	1	0	15	0
    32404	2021-01-17 08:08:40	1	0	15	0
    32403	2021-01-17 08:29:24	1	0	15	0
    32101	2021-01-17 08:38:52	1	0	15	0
    32101	2021-01-17 08:38:54	1	0	15	0
    90598	2021-01-17 08:52:09	1	0	15	0
    90598	2021-01-17 08:52:11	1	0	15	0
    90399	2021-01-17 08:59:49	1	0	15	0
    32403	2021-01-17 15:58:37	1	0	15	0
    32101	2021-01-17 15:59:25	1	0	15	0
    32601	2021-01-17 15:59:30	1	0	15	0
    32404	2021-01-17 15:59:45	1	0	15	0
    32402	2021-01-17 16:00:10	1	0	15	0
    32402	2021-01-17 16:00:12	1	0	15	0
    90399	2021-01-17 17:01:11	1	0	15	0
    90399	2021-01-17 17:01:13	1	0	15	0
    32602	2021-01-17 17:05:58	1	0	15	0
    90598	2021-01-17 17:08:08	1	0	15	0
    90598	2021-01-17 17:08:10	1	0	15	0
    32501	2021-01-17 17:08:42	1	0	15	0
    32501	2021-01-17 17:08:44	1	0	15	0
    32602	2021-01-18 07:44:57	1	0	15	0
    32602	2021-01-18 07:44:59	1	0	15	0
    32404	2021-01-18 08:12:27	1	0	15	0
    32401	2021-01-18 08:16:08	1	0	15	0
    32402	2021-01-18 08:16:14	1	0	15	0
    32403	2021-01-18 08:17:28	1	0	15	0
    90598	2021-01-18 08:50:43	1	0	15	0
    90598	2021-01-18 08:50:45	1	0	15	0
    32101	2021-01-18 08:54:35	1	0	15	0
    32101	2021-01-18 08:54:37	1	0	15	0
    90399	2021-01-18 08:57:02	1	0	15	0
    90399	2021-01-18 08:57:04	1	0	15	0
    32101	2021-01-18 15:45:25	1	0	15	0
    32403	2021-01-18 16:04:52	1	0	15	0
    32403	2021-01-18 16:04:54	1	0	15	0
    32404	2021-01-18 16:05:10	1	0	15	0
    32401	2021-01-18 16:10:13	1	0	15	0
    32402	2021-01-18 16:42:58	1	0	15	0
    32602	2021-01-18 16:55:35	1	0	15	0
    32402	2021-01-18 16:56:04	1	0	15	0
    90399	2021-01-18 17:07:26	1	0	15	0
    90399	2021-01-18 17:07:28	1	0	15	0
    90598	2021-01-18 17:07:32	1	0	15	0
    90598	2021-01-18 17:07:34	1	0	15	0
    32601	2021-01-19 07:53:51	1	0	15	0
    32602	2021-01-19 08:02:12	1	0	15	0
    32501	2021-01-19 08:12:13	1	0	15	0
    32404	2021-01-19 08:12:21	1	0	15	0
    32401	2021-01-19 08:16:26	1	0	15	0
    32401	2021-01-19 08:16:28	1	0	15	0
    32403	2021-01-19 08:17:42	1	0	15	0
    32402	2021-01-19 08:23:41	1	0	15	0
    90598	2021-01-19 08:38:36	1	0	15	0
    90598	2021-01-19 08:38:38	1	0	15	0
    90399	2021-01-19 08:59:55	1	0	15	0
    90399	2021-01-19 08:59:56	1	0	15	0
    32101	2021-01-19 09:04:39	1	0	15	0
    32101	2021-01-19 09:04:41	1	0	15	0
    32601	2021-01-19 15:00:01	1	0	15	0
    32402	2021-01-19 15:11:33	1	0	15	0
    32404	2021-01-19 15:41:34	1	0	15	0
    32403	2021-01-19 16:00:44	1	0	15	0
    32101	2021-01-19 16:01:20	1	0	15	0
    32101	2021-01-19 16:01:22	1	0	15	0
    32401	2021-01-19 16:06:30	1	0	15	0
    90399	2021-01-19 16:59:38	1	0	15	0
    90399	2021-01-19 16:59:40	1	0	15	0
    32602	2021-01-19 17:00:14	1	0	15	0
    32602	2021-01-19 17:00:16	1	0	15	0
    90598	2021-01-19 17:00:20	1	0	15	0
    90598	2021-01-19 17:00:23	1	0	15	0
    32501	2021-01-19 17:01:50	1	0	15	0
    32602	2021-01-20 07:58:33	1	0	15	0
    32402	2021-01-20 08:12:54	1	0	15	0
    32401	2021-01-20 08:20:37	1	0	15	0
    32501	2021-01-20 08:22:41	1	0	15	0
    32404	2021-01-20 08:23:22	1	0	15	0
    32601	2021-01-20 08:39:09	1	0	15	0
    90399	2021-01-20 08:49:25	1	0	15	0
    90399	2021-01-20 08:49:27	1	0	15	0
    90598	2021-01-20 08:51:07	1	0	15	0
    32403	2021-01-20 08:56:12	1	0	15	0
    32404	2021-01-20 15:56:26	1	0	15	0
    32402	2021-01-20 15:57:04	1	0	15	0
    32601	2021-01-20 15:59:28	1	0	15	0
    32403	2021-01-20 16:00:55	1	0	15	0
    32401	2021-01-20 16:01:59	1	0	15	0
    90399	2021-01-20 17:01:10	1	0	15	0
    90399	2021-01-20 17:01:12	1	0	15	0
    32501	2021-01-20 17:01:57	1	0	15	0
    32501	2021-01-20 17:01:59	1	0	15	0
    90598	2021-01-20 17:02:28	1	0	15	0
    90598	2021-01-20 17:02:30	1	0	15	0
    32602	2021-01-20 17:02:47	1	0	15	0
    32601	2021-01-21 07:50:41	1	0	15	0
    32602	2021-01-21 08:00:10	1	0	15	0
    32602	2021-01-21 08:00:11	1	0	15	0
    32404	2021-01-21 08:10:21	1	0	15	0
    32402	2021-01-21 08:21:40	1	0	15	0
    32401	2021-01-21 08:31:08	1	0	15	0
    32501	2021-01-21 08:31:53	1	0	15	0
    32403	2021-01-21 08:41:27	1	0	15	0
    32101	2021-01-21 08:47:03	1	0	15	0
    90598	2021-01-21 08:58:04	1	0	15	0
    90598	2021-01-21 08:58:06	1	0	15	0
    90399	2021-01-21 09:00:40	1	0	15	0
    90399	2021-01-21 09:00:42	1	0	15	0
    32601	2021-01-21 11:55:27	1	0	15	0
    32601	2021-01-21 11:55:28	1	0	15	0
    32402	2021-01-21 15:47:53	1	0	15	0
    32101	2021-01-21 15:55:31	1	0	15	0
    32101	2021-01-21 15:55:33	1	0	15	0
    32404	2021-01-21 15:56:25	1	0	15	0
    32403	2021-01-21 15:57:17	1	0	15	0
    32401	2021-01-21 16:02:12	1	0	15	0
    32602	2021-01-21 16:54:02	1	0	15	0
    32501	2021-01-21 16:54:20	1	0	15	0
    32501	2021-01-21 16:54:22	1	0	15	0
    90399	2021-01-21 16:54:50	1	0	15	0
    90399	2021-01-21 16:54:52	1	0	15	0
    90598	2021-01-21 16:55:36	1	0	15	0
    90598	2021-01-21 16:55:38	1	0	15	0
    32501	2021-01-22 09:01:34	1	0	15	0
    32501	2021-01-22 09:01:38	1	0	15	0
    32501	2021-01-22 09:01:44	1	0	15	0
    32501	2021-01-22 16:02:48	1	0	15	0
    32501	2021-01-23 09:04:50	1	0	15	0
    32501	2021-01-23 09:04:52	1	0	15	0
    32601	2021-01-23 10:50:37	1	0	15	0
    32601	2021-01-23 11:26:56	1	0	15	0
    32501	2021-01-23 15:58:59	1	0	15	0
    32602	2021-01-24 07:24:00	1	0	15	0
    32404	2021-01-24 08:01:44	1	0	15	0
    32601	2021-01-24 08:02:13	1	0	15	0
    32402	2021-01-24 08:15:05	1	0	15	0
    32401	2021-01-24 08:16:52	1	0	15	0
    32403	2021-01-24 08:17:26	1	0	15	0
    32101	2021-01-24 08:43:28	1	0	15	0
    32101	2021-01-24 08:43:30	1	0	15	0
    90598	2021-01-24 08:51:40	1	0	15	0
    90598	2021-01-24 08:51:42	1	0	15	0
    90399	2021-01-24 08:55:09	1	0	15	0
    90399	2021-01-24 08:55:11	1	0	15	0
    32501	2021-01-24 08:55:17	1	0	15	0
    32501	2021-01-24 08:55:19	1	0	15	0
    32401	2021-01-24 14:44:38	1	0	15	0
    32101	2021-01-24 15:55:24	1	0	15	0
    32101	2021-01-24 15:55:26	1	0	15	0
    32403	2021-01-24 15:58:33	1	0	15	0
    32601	2021-01-24 15:58:56	1	0	15	0
    32404	2021-01-24 16:00:36	1	0	15	0
    32501	2021-01-24 16:01:40	1	0	15	0
    32602	2021-01-24 16:31:01	1	0	15	0
    32402	2021-01-24 16:31:23	1	0	15	0
    90598	2021-01-24 16:32:10	1	0	15	0
    90598	2021-01-24 16:32:12	1	0	15	0
    32602	2021-01-25 07:31:29	1	0	15	0
    32501	2021-01-25 08:05:23	1	0	15	0
    32601	2021-01-25 08:06:55	1	0	15	0
    32402	2021-01-25 08:07:07	1	0	15	0
    32404	2021-01-25 08:07:29	1	0	15	0
    32401	2021-01-25 08:14:35	1	0	15	0
    90399	2021-01-25 08:52:14	1	0	15	0
    90399	2021-01-25 08:52:16	1	0	15	0
    90598	2021-01-25 08:54:51	1	0	15	0
    32101	2021-01-25 09:06:59	1	0	15	0
    32101	2021-01-25 09:07:01	1	0	15	0
    32403	2021-01-25 10:19:47	1	0	15	0
    32101	2021-01-25 15:57:47	1	0	15	0
    32101	2021-01-25 15:57:49	1	0	15	0
    32601	2021-01-25 15:58:19	1	0	15	0
    32401	2021-01-25 16:04:07	1	0	15	0
    32501	2021-01-25 16:22:23	1	0	15	0
    32404	2021-01-25 16:25:24	1	0	15	0
    32403	2021-01-25 16:43:30	1	0	15	0
    32602	2021-01-25 16:43:36	1	0	15	0
    90399	2021-01-25 16:55:10	1	0	15	0
    90598	2021-01-25 16:55:17	1	0	15	0
    90598	2021-01-25 16:55:19	1	0	15	0
    32402	2021-01-25 16:55:42	1	0	15	0
    32602	2021-01-26 07:58:46	1	0	15	0
    32602	2021-01-26 07:58:48	1	0	15	0
    32404	2021-01-26 08:04:00	1	0	15	0
    32401	2021-01-26 08:12:21	1	0	15	0
    32403	2021-01-26 08:12:30	1	0	15	0
    32403	2021-01-26 08:12:31	1	0	15	0
    32402	2021-01-26 08:18:22	1	0	15	0
    32501	2021-01-26 08:24:58	1	0	15	0
    90399	2021-01-26 08:47:59	1	0	15	0
    32601	2021-01-26 08:54:33	1	0	15	0
    90598	2021-01-26 08:58:21	1	0	15	0
    90598	2021-01-26 08:58:23	1	0	15	0
    32101	2021-01-26 09:05:38	1	0	15	0
    32101	2021-01-26 09:05:40	1	0	15	0
    32101	2021-01-26 15:45:28	1	0	15	0
    32101	2021-01-26 15:45:30	1	0	15	0
    32401	2021-01-26 15:57:21	1	0	15	0
    32403	2021-01-26 15:59:03	1	0	15	0
    32501	2021-01-26 16:00:25	1	0	15	0
    32601	2021-01-26 16:00:33	1	0	15	0
    90598	2021-01-26 16:27:47	1	0	15	0
    90598	2021-01-26 16:27:48	1	0	15	0
    90598	2021-01-26 16:55:58	1	0	15	0
    90598	2021-01-26 16:56:00	1	0	15	0
    32402	2021-01-26 16:56:07	1	0	15	0
    32602	2021-01-26 16:56:11	1	0	15	0
    90399	2021-01-26 16:56:23	1	0	15	0
    32602	2021-01-27 07:51:25	1	0	15	0
    32602	2021-01-27 07:51:27	1	0	15	0
    32404	2021-01-27 08:08:00	1	0	15	0
    32404	2021-01-27 08:08:02	1	0	15	0
    32402	2021-01-27 08:17:15	1	0	15	0
    32501	2021-01-27 08:32:50	1	0	15	0
    32401	2021-01-27 08:41:57	1	0	15	0
    32403	2021-01-27 08:57:07	1	0	15	0
    90399	2021-01-27 08:57:30	1	0	15	0
    90399	2021-01-27 08:57:32	1	0	15	0
    32101	2021-01-27 08:59:56	1	0	15	0
    32101	2021-01-27 08:59:58	1	0	15	0
    90598	2021-01-27 09:11:47	1	0	15	0
    90598	2021-01-27 14:59:33	1	0	15	0
    32101	2021-01-27 16:01:27	1	0	15	0
    32403	2021-01-27 16:01:53	1	0	15	0
    32404	2021-01-27 16:02:25	1	0	15	0
    32501	2021-01-27 16:02:32	1	0	15	0
    32501	2021-01-27 16:02:34	1	0	15	0
    32401	2021-01-27 16:04:41	1	0	15	0
    32401	2021-01-27 16:04:43	1	0	15	0
    32602	2021-01-27 16:48:02	1	0	15	0
    90399	2021-01-27 16:58:18	1	0	15	0
    90399	2021-01-27 16:58:20	1	0	15	0
    32402	2021-01-27 16:58:29	1	0	15	0
    32402	2021-01-28 08:27:39	1	0	15	0
    32402	2021-01-28 15:56:21	1	0	15	0
    32402	2021-01-29 09:23:16	1	0	15	0
    32402	2021-01-29 16:00:50	1	0	15	0
    32404	2021-01-30 09:17:33	1	0	15	0
    32404	2021-01-30 09:17:35	1	0	15	0
    32602	2021-01-30 09:41:12	1	0	15	0
    32601	2021-01-30 12:25:27	1	0	15	0
    32601	2021-01-30 14:21:20	1	0	15	0
    32404	2021-01-30 15:37:04	1	0	15	0
    32602	2021-01-30 15:37:13	1	0	15	0
    32602	2021-01-30 15:37:15	1	0	15	0
    32602	2021-01-31 07:51:51	1	0	15	0
    32601	2021-01-31 08:02:19	1	0	15	0
    32403	2021-01-31 08:04:11	1	0	15	0
    32404	2021-01-31 08:05:38	1	0	15	0
    32401	2021-01-31 08:13:01	1	0	15	0
    32401	2021-01-31 08:13:03	1	0	15	0
    32402	2021-01-31 08:19:08	1	0	15	0
    32402	2021-01-31 08:19:09	1	0	15	0
    32501	2021-01-31 08:24:56	1	0	15	0
    32501	2021-01-31 08:24:58	1	0	15	0
    90598	2021-01-31 08:30:13	1	0	15	0
    90598	2021-01-31 08:30:14	1	0	15	0
    32101	2021-01-31 08:45:24	1	0	15	0
    32101	2021-01-31 08:45:25	1	0	15	0
    90399	2021-01-31 08:59:06	1	0	15	0
    90399	2021-01-31 08:59:08	1	0	15	0
    32101	2021-01-31 11:27:42	1	0	15	0
    32501	2021-01-31 15:54:50	1	0	15	0
    32501	2021-01-31 15:54:52	1	0	15	0
    32601	2021-01-31 15:55:04	1	0	15	0
    32601	2021-01-31 15:55:06	1	0	15	0
    32404	2021-01-31 15:55:23	1	0	15	0
    32404	2021-01-31 15:55:25	1	0	15	0
    32401	2021-01-31 15:57:07	1	0	15	0
    32101	2021-01-31 15:59:06	1	0	15	0
    32101	2021-01-31 15:59:08	1	0	15	0
    32402	2021-01-31 16:01:00	1	0	15	0
    32402	2021-01-31 16:01:01	1	0	15	0
    32403	2021-01-31 16:57:08	1	0	15	0
    32602	2021-01-31 17:14:26	1	0	15	0
    90399	2021-01-31 17:23:49	1	0	15	0
    90399	2021-01-31 17:23:50	1	0	15	0
    90598	2021-01-31 17:24:26	1	0	15	0
    90598	2021-01-31 17:24:28	1	0	15	0
    32602	2021-02-01 07:33:56	1	0	15	0
    32602	2021-02-01 07:33:58	1	0	15	0
    32601	2021-02-01 07:54:53	1	0	15	0
    32601	2021-02-01 07:54:54	1	0	15	0
    32403	2021-02-01 08:04:27	1	0	15	0
    32501	2021-02-01 08:05:24	1	0	15	0
    32404	2021-02-01 08:09:49	1	0	15	0
    32401	2021-02-01 08:17:34	1	0	15	0
    32402	2021-02-01 08:29:26	1	0	15	0
    90598	2021-02-01 08:40:15	1	0	15	0
    90598	2021-02-01 08:40:16	1	0	15	0
    90399	2021-02-01 09:04:00	1	0	15	0
    90399	2021-02-01 09:04:02	1	0	15	0
    32101	2021-02-01 10:51:13	1	0	15	0
    32402	2021-02-01 14:12:51	1	0	15	0
    32601	2021-02-01 14:59:06	1	0	15	0
    32601	2021-02-01 14:59:07	1	0	15	0
    32101	2021-02-01 15:51:18	1	0	15	0
    32101	2021-02-01 15:51:20	1	0	15	0
    32404	2021-02-01 15:55:03	1	0	15	0
    32501	2021-02-01 15:56:27	1	0	15	0
    32401	2021-02-01 16:04:45	1	0	15	0
    90399	2021-02-01 16:55:04	1	0	15	0
    90399	2021-02-01 16:55:06	1	0	15	0
    90598	2021-02-01 16:56:43	1	0	15	0
    90598	2021-02-01 16:56:45	1	0	15	0
    32403	2021-02-01 16:57:09	1	0	15	0
    32602	2021-02-01 16:57:33	1	0	15	0
    32601	2021-02-02 07:51:56	1	0	15	0
    32601	2021-02-02 07:51:57	1	0	15	0
    32501	2021-02-02 08:08:00	1	0	15	0
    32501	2021-02-02 08:08:02	1	0	15	0
    32402	2021-02-02 08:15:07	1	0	15	0
    32602	2021-02-02 08:15:58	1	0	15	0
    32401	2021-02-02 08:18:04	1	0	15	0
    32403	2021-02-02 08:30:06	1	0	15	0
    32101	2021-02-02 08:49:43	1	0	15	0
    32101	2021-02-02 08:49:45	1	0	15	0
    90598	2021-02-02 08:52:33	1	0	15	0
    90598	2021-02-02 08:52:34	1	0	15	0
    90399	2021-02-02 09:00:05	1	0	15	0
    90399	2021-02-02 09:00:06	1	0	15	0
    32402	2021-02-02 15:40:16	1	0	15	0
    32101	2021-02-02 15:46:59	1	0	15	0
    32101	2021-02-02 15:47:01	1	0	15	0
    32501	2021-02-02 16:03:29	1	0	15	0
    32501	2021-02-02 16:03:31	1	0	15	0
    32401	2021-02-02 16:07:15	1	0	15	0
    32401	2021-02-02 16:07:17	1	0	15	0
    32602	2021-02-02 16:59:22	1	0	15	0
    32403	2021-02-02 17:00:08	1	0	15	0
    90598	2021-02-02 17:04:07	1	0	15	0
    90598	2021-02-02 17:04:09	1	0	15	0
    90399	2021-02-02 17:05:37	1	0	15	0
    90399	2021-02-02 17:05:39	1	0	15	0
    32602	2021-02-03 07:51:20	1	0	15	0
    32402	2021-02-03 08:04:59	1	0	15	0
    32404	2021-02-03 08:05:22	1	0	15	0
    32403	2021-02-03 08:11:30	1	0	15	0
    32401	2021-02-03 08:25:37	1	0	15	0
    90598	2021-02-03 08:44:37	1	0	15	0
    90598	2021-02-03 08:44:38	1	0	15	0
    32101	2021-02-03 08:45:29	1	0	15	0
    32101	2021-02-03 08:45:30	1	0	15	0
    90399	2021-02-03 08:55:54	1	0	15	0
    90399	2021-02-03 08:55:56	1	0	15	0
    32601	2021-02-03 09:24:41	1	0	15	0
    32601	2021-02-03 09:24:43	1	0	15	0
    32601	2021-02-03 11:17:08	1	0	15	0
    32101	2021-02-03 15:47:40	1	0	15	0
    32402	2021-02-03 15:49:24	1	0	15	0
    32402	2021-02-03 15:49:25	1	0	15	0
    32404	2021-02-03 15:50:54	1	0	15	0
    32401	2021-02-03 16:02:09	1	0	15	0
    32602	2021-02-03 16:53:11	1	0	15	0
    90399	2021-02-03 16:58:56	1	0	15	0
    90399	2021-02-03 16:58:58	1	0	15	0
    32403	2021-02-03 17:02:05	1	0	15	0
    90598	2021-02-03 17:03:11	1	0	15	0
    90598	2021-02-03 17:03:12	1	0	15	0
    32601	2021-02-04 07:59:00	1	0	15	0
    32402	2021-02-04 08:02:47	1	0	15	0
    32403	2021-02-04 08:09:18	1	0	15	0
    32401	2021-02-04 08:14:56	1	0	15	0
    32501	2021-02-04 08:17:18	1	0	15	0
    32501	2021-02-04 08:17:19	1	0	15	0
    32404	2021-02-04 08:18:08	1	0	15	0
    32602	2021-02-04 08:32:28	1	0	15	0
    90598	2021-02-04 08:44:00	1	0	15	0
    90598	2021-02-04 08:44:02	1	0	15	0
    32101	2021-02-04 09:14:32	1	0	15	0
    32101	2021-02-04 09:14:34	1	0	15	0
    90399	2021-02-04 09:14:41	1	0	15	0
    90399	2021-02-04 09:14:42	1	0	15	0
    32101	2021-02-04 15:58:18	1	0	15	0
    32101	2021-02-04 15:58:20	1	0	15	0
    32601	2021-02-04 15:58:55	1	0	15	0
    32404	2021-02-04 15:59:13	1	0	15	0
    32404	2021-02-04 15:59:15	1	0	15	0
    32501	2021-02-04 15:59:23	1	0	15	0
    32501	2021-02-04 15:59:25	1	0	15	0
    32402	2021-02-04 15:59:56	1	0	15	0
    32401	2021-02-04 16:04:08	1	0	15	0
    32602	2021-02-04 16:56:34	1	0	15	0
    32602	2021-02-04 16:56:35	1	0	15	0
    90399	2021-02-04 16:57:50	1	0	15	0
    90399	2021-02-04 16:57:52	1	0	15	0
    90598	2021-02-04 17:00:52	1	0	15	0
    90598	2021-02-04 17:00:54	1	0	15	0
    32403	2021-02-04 17:01:39	1	0	15	0
    32404	2021-02-05 09:24:55	1	0	15	0
    32404	2021-02-05 14:34:30	1	0	15	0
    32404	2021-02-05 15:19:15	1	0	15	0
    32602	2021-02-06 09:38:33	1	0	15	0
    32602	2021-02-06 09:38:35	1	0	15	0
    32403	2021-02-06 09:50:57	1	0	15	0
    32602	2021-02-06 16:14:07	1	0	15	0
    32403	2021-02-06 16:14:19	1	0	15	0
    32402	2021-02-07 08:03:51	1	0	15	0
    32404	2021-02-07 08:09:22	1	0	15	0
    32404	2021-02-07 08:09:24	1	0	15	0
    32403	2021-02-07 08:10:46	1	0	15	0
    32401	2021-02-07 08:18:21	1	0	15	0
    32501	2021-02-07 08:22:08	1	0	15	0
    32602	2021-02-07 08:25:17	1	0	15	0
    32601	2021-02-07 08:25:46	1	0	15	0
    32601	2021-02-07 08:25:47	1	0	15	0
    90598	2021-02-07 09:00:50	1	0	15	0
    90598	2021-02-07 09:00:52	1	0	15	0
    90399	2021-02-07 09:05:39	1	0	15	0
    32101	2021-02-07 09:32:45	1	0	15	0
    32101	2021-02-07 09:32:46	1	0	15	0
    90598	2021-02-07 13:23:41	1	0	15	0
    90598	2021-02-07 13:23:42	1	0	15	0
    32601	2021-02-07 16:00:25	1	0	15	0
    32101	2021-02-07 16:04:13	1	0	15	0
    32401	2021-02-07 16:07:50	1	0	15	0
    32402	2021-02-07 16:09:45	1	0	15	0
    32501	2021-02-07 16:55:22	1	0	15	0
    32501	2021-02-07 16:55:24	1	0	15	0
    32403	2021-02-07 16:55:34	1	0	15	0
    32403	2021-02-07 16:55:36	1	0	15	0
    32602	2021-02-07 16:55:42	1	0	15	0
    32404	2021-02-07 16:59:31	1	0	15	0
    90399	2021-02-07 17:00:38	1	0	15	0
    90399	2021-02-07 17:00:40	1	0	15	0
    32402	2021-02-08 08:10:23	1	0	15	0
    32404	2021-02-08 08:12:10	1	0	15	0
    32501	2021-02-08 08:15:43	1	0	15	0
    32401	2021-02-08 08:17:47	1	0	15	0
    32403	2021-02-08 08:20:41	1	0	15	0
    90598	2021-02-08 08:43:45	1	0	15	0
    90598	2021-02-08 08:43:47	1	0	15	0
    90399	2021-02-08 08:44:39	1	0	15	0
    90399	2021-02-08 08:44:40	1	0	15	0
    32101	2021-02-08 08:57:15	1	0	15	0
    32101	2021-02-08 08:57:17	1	0	15	0
    32602	2021-02-08 08:57:33	1	0	15	0
    32602	2021-02-08 08:57:35	1	0	15	0
    32601	2021-02-08 09:28:27	1	0	15	0
    32101	2021-02-08 15:17:19	1	0	15	0
    32101	2021-02-08 15:17:21	1	0	15	0
    32403	2021-02-08 15:52:43	1	0	15	0
    32403	2021-02-08 15:52:45	1	0	15	0
    32402	2021-02-08 15:52:51	1	0	15	0
    32501	2021-02-08 15:53:39	1	0	15	0
    32501	2021-02-08 15:53:41	1	0	15	0
    32601	2021-02-08 15:54:36	1	0	15	0
    32601	2021-02-08 15:54:38	1	0	15	0
    32401	2021-02-08 15:57:19	1	0	15	0
    32602	2021-02-08 16:57:16	1	0	15	0
    32404	2021-02-08 16:58:30	1	0	15	0
    32404	2021-02-08 16:58:32	1	0	15	0
    90399	2021-02-08 16:58:47	1	0	15	0
    90399	2021-02-08 16:58:49	1	0	15	0
    90598	2021-02-08 16:59:20	1	0	15	0
    90598	2021-02-08 16:59:22	1	0	15	0
    32602	2021-02-09 07:50:37	1	0	15	0
    32402	2021-02-09 08:00:07	1	0	15	0
    32601	2021-02-09 08:00:45	1	0	15	0
    32501	2021-02-09 08:00:51	1	0	15	0
    32501	2021-02-09 08:00:53	1	0	15	0
    32404	2021-02-09 08:01:00	1	0	15	0
    32401	2021-02-09 08:20:27	1	0	15	0
    32403	2021-02-09 08:39:45	1	0	15	0
    32101	2021-02-09 08:58:44	1	0	15	0
    32101	2021-02-09 08:58:46	1	0	15	0
    90598	2021-02-09 09:03:48	1	0	15	0
    90598	2021-02-09 09:03:50	1	0	15	0
    32402	2021-02-09 15:52:27	1	0	15	0
    32601	2021-02-09 15:54:18	1	0	15	0
    32403	2021-02-09 15:54:24	1	0	15	0
    32501	2021-02-09 15:56:09	1	0	15	0
    32501	2021-02-09 15:56:10	1	0	15	0
    32101	2021-02-09 15:58:12	1	0	15	0
    32101	2021-02-09 15:58:14	1	0	15	0
    32401	2021-02-09 16:03:26	1	0	15	0
    32401	2021-02-09 16:03:27	1	0	15	0
    32602	2021-02-09 16:47:54	1	0	15	0
    32404	2021-02-09 16:53:14	1	0	15	0
    90598	2021-02-09 16:54:46	1	0	15	0
    90598	2021-02-09 16:54:48	1	0	15	0
    32601	2021-02-10 07:49:49	1	0	15	0
    32501	2021-02-10 08:11:22	1	0	15	0
    32501	2021-02-10 08:11:29	1	0	15	0
    32404	2021-02-10 08:12:41	1	0	15	0
    32402	2021-02-10 08:13:58	1	0	15	0
    32401	2021-02-10 08:22:16	1	0	15	0
    90399	2021-02-10 08:55:30	1	0	15	0
    90598	2021-02-10 09:09:54	1	0	15	0
    90598	2021-02-10 09:09:56	1	0	15	0
    32101	2021-02-10 09:21:48	1	0	15	0
    32101	2021-02-10 14:38:31	1	0	15	0
    32101	2021-02-10 14:38:32	1	0	15	0
    32601	2021-02-10 15:56:44	1	0	15	0
    32501	2021-02-10 15:57:24	1	0	15	0
    32501	2021-02-10 15:57:26	1	0	15	0
    32401	2021-02-10 16:04:50	1	0	15	0
    32401	2021-02-10 16:04:52	1	0	15	0
    32402	2021-02-10 16:08:57	1	0	15	0
    32101	2021-02-10 16:33:12	1	0	15	0
    32101	2021-02-10 16:33:14	1	0	15	0
    90399	2021-02-10 16:54:28	1	0	15	0
    90399	2021-02-10 16:54:29	1	0	15	0
    32404	2021-02-10 17:09:13	1	0	15	0
    90598	2021-02-10 17:09:24	1	0	15	0
    90598	2021-02-10 17:09:26	1	0	15	0
    32602	2021-02-11 07:43:07	1	0	15	0
    32601	2021-02-11 08:04:23	1	0	15	0
    32402	2021-02-11 08:10:54	1	0	15	0
    32403	2021-02-11 08:14:59	1	0	15	0
    32401	2021-02-11 08:19:06	1	0	15	0
    32404	2021-02-11 08:22:22	1	0	15	0
    32501	2021-02-11 08:25:04	1	0	15	0
    32501	2021-02-11 08:25:09	1	0	15	0
    90399	2021-02-11 08:48:24	1	0	15	0
    90399	2021-02-11 08:48:26	1	0	15	0
    90598	2021-02-11 08:48:39	1	0	15	0
    90598	2021-02-11 08:48:40	1	0	15	0
    32101	2021-02-11 14:18:56	1	0	15	0
    32101	2021-02-11 14:18:58	1	0	15	0
    32601	2021-02-11 15:36:55	1	0	15	0
    32401	2021-02-11 16:00:12	1	0	15	0
    32101	2021-02-11 16:01:58	1	0	15	0
    32101	2021-02-11 16:02:00	1	0	15	0
    32501	2021-02-11 16:02:41	1	0	15	0
    32501	2021-02-11 16:02:43	1	0	15	0
    32403	2021-02-11 16:30:57	1	0	15	0
    32404	2021-02-11 16:59:19	1	0	15	0
    90598	2021-02-11 16:59:59	1	0	15	0
    90598	2021-02-11 17:00:01	1	0	15	0
    32402	2021-02-11 17:25:18	1	0	15	0
    32602	2021-02-11 17:25:26	1	0	15	0
    32602	2021-02-11 17:25:28	1	0	15	0
    90399	2021-02-11 17:27:51	1	0	15	0
    90399	2021-02-11 17:27:56	1	0	15	0
    32403	2021-02-12 09:33:31	1	0	15	0
    32403	2021-02-12 15:53:16	1	0	15	0
    32404	2021-02-13 09:16:52	1	0	15	0
    32602	2021-02-13 10:04:04	1	0	15	0
    32601	2021-02-13 11:24:28	1	0	15	0
    90598	2021-02-13 12:58:50	1	0	15	0
    90598	2021-02-13 12:58:52	1	0	15	0
    90598	2021-02-13 13:59:06	1	0	15	0
    90598	2021-02-13 13:59:08	1	0	15	0
    32602	2021-02-13 15:40:50	1	0	15	0
    32404	2021-02-13 15:41:22	1	0	15	0
    32404	2021-02-13 15:41:24	1	0	15	0
    32602	2021-02-14 07:28:30	1	0	15	0
    32601	2021-02-14 07:43:53	1	0	15	0
    32501	2021-02-14 08:05:09	1	0	15	0
    32402	2021-02-14 08:11:11	1	0	15	0
    32401	2021-02-14 08:11:44	1	0	15	0
    32404	2021-02-14 08:13:06	1	0	15	0
    32403	2021-02-14 08:15:16	1	0	15	0
    90598	2021-02-14 08:41:57	1	0	15	0
    90598	2021-02-14 08:41:58	1	0	15	0
    90399	2021-02-14 08:52:13	1	0	15	0
    90399	2021-02-14 08:52:15	1	0	15	0
    32101	2021-02-14 10:54:27	1	0	15	0
    32101	2021-02-14 10:54:29	1	0	15	0
     9955	2021-02-14 13:23:22	1	0	4	0
    32101	2021-02-14 13:23:36	1	0	15	0
    32101	2021-02-14 13:23:38	1	0	15	0
    32101	2021-02-14 13:23:44	1	0	15	0
    32101	2021-02-14 13:23:45	1	0	15	0
     9955	2021-02-14 13:24:18	1	0	4	0
     9955	2021-02-14 13:24:37	1	0	4	0
    32601	2021-02-14 13:58:11	1	0	15	0
    32404	2021-02-14 15:57:05	1	0	15	0
    32101	2021-02-14 15:59:15	1	0	15	0
    32402	2021-02-14 16:03:37	1	0	15	0
    32401	2021-02-14 16:04:44	1	0	15	0
    32403	2021-02-14 16:28:42	1	0	15	0
    90399	2021-02-14 17:03:09	1	0	15	0
    32602	2021-02-14 17:06:30	1	0	15	0
    32602	2021-02-14 17:06:32	1	0	15	0
    32501	2021-02-14 17:09:35	1	0	15	0
    32501	2021-02-14 17:09:39	1	0	15	0
    90598	2021-02-14 17:09:45	1	0	15	0
    90598	2021-02-14 17:09:47	1	0	15	0
    32501	2021-02-15 08:06:37	1	0	15	0
    32501	2021-02-15 08:06:38	1	0	15	0
    32404	2021-02-15 08:06:53	1	0	15	0
    32602	2021-02-15 08:10:06	1	0	15	0
    32401	2021-02-15 08:16:01	1	0	15	0
    32402	2021-02-15 08:30:22	1	0	15	0
    90598	2021-02-15 08:37:12	1	0	15	0
    90598	2021-02-15 08:37:13	1	0	15	0
    90399	2021-02-15 08:49:29	1	0	15	0
    32101	2021-02-15 08:52:07	1	0	15	0
    32101	2021-02-15 08:52:08	1	0	15	0
    32403	2021-02-15 09:03:20	1	0	15	0
    32402	2021-02-15 15:34:09	1	0	15	0
    32403	2021-02-15 15:55:04	1	0	15	0
    32404	2021-02-15 15:56:50	1	0	15	0
    32101	2021-02-15 15:58:21	1	0	15	0
    32101	2021-02-15 15:58:23	1	0	15	0
    32401	2021-02-15 16:00:08	1	0	15	0
    32602	2021-02-15 17:05:28	1	0	15	0
    90399	2021-02-15 17:08:05	1	0	15	0
    32501	2021-02-15 17:08:14	1	0	15	0
    32501	2021-02-15 17:08:16	1	0	15	0
    90598	2021-02-15 17:09:19	1	0	15	0
    90598	2021-02-15 17:09:21	1	0	15	0
    32403	2021-02-16 07:53:51	1	0	15	0
    32402	2021-02-16 08:08:45	1	0	15	0
    32401	2021-02-16 08:18:16	1	0	15	0
    32601	2021-02-16 08:20:22	1	0	15	0
    32501	2021-02-16 08:21:52	1	0	15	0
    90598	2021-02-16 08:51:46	1	0	15	0
    90598	2021-02-16 08:51:48	1	0	15	0
    90399	2021-02-16 08:54:25	1	0	15	0
    90399	2021-02-16 08:54:27	1	0	15	0
    32101	2021-02-16 12:04:41	1	0	15	0
    32402	2021-02-16 14:37:37	1	0	15	0
    32101	2021-02-16 16:00:09	1	0	15	0
    32101	2021-02-16 16:00:11	1	0	15	0
    32601	2021-02-16 16:00:33	1	0	15	0
    32401	2021-02-16 16:02:36	1	0	15	0
    32403	2021-02-16 16:06:41	1	0	15	0
    32602	2021-02-16 16:13:59	1	0	15	0
    90399	2021-02-16 17:38:16	1	0	15	0
    32501	2021-02-16 17:38:28	1	0	15	0
    32501	2021-02-16 17:38:30	1	0	15	0
    90598	2021-02-16 17:38:36	1	0	15	0
    90598	2021-02-16 17:38:38	1	0	15	0
    32404	2021-02-17 07:55:47	1	0	15	0
    32601	2021-02-17 08:05:54	1	0	15	0
    32601	2021-02-17 08:05:55	1	0	15	0
    32501	2021-02-17 08:15:28	1	0	15	0
    32401	2021-02-17 08:16:14	1	0	15	0
    32402	2021-02-17 08:17:31	1	0	15	0
    32602	2021-02-17 08:43:41	1	0	15	0
    90598	2021-02-17 08:46:05	1	0	15	0
    90598	2021-02-17 08:46:07	1	0	15	0
    90399	2021-02-17 08:59:14	1	0	15	0
    90399	2021-02-17 08:59:16	1	0	15	0
    32101	2021-02-17 09:17:38	1	0	15	0
    32101	2021-02-17 15:55:29	1	0	15	0
    32404	2021-02-17 15:55:55	1	0	15	0
    32601	2021-02-17 15:56:25	1	0	15	0
    32401	2021-02-17 16:02:33	1	0	15	0
    32402	2021-02-17 16:11:44	1	0	15	0
    32501	2021-02-17 16:58:16	1	0	15	0
    32501	2021-02-17 16:58:18	1	0	15	0
    32602	2021-02-17 16:58:28	1	0	15	0
    90399	2021-02-17 16:59:56	1	0	15	0
    90399	2021-02-17 16:59:58	1	0	15	0
    90598	2021-02-17 17:00:20	1	0	15	0
    90598	2021-02-17 17:00:22	1	0	15	0
    32602	2021-02-18 08:08:56	1	0	15	0
    32404	2021-02-18 08:09:21	1	0	15	0
    32402	2021-02-18 08:10:23	1	0	15	0
    32601	2021-02-18 08:12:24	1	0	15	0
    32403	2021-02-18 08:13:08	1	0	15	0
    32501	2021-02-18 08:15:08	1	0	15	0
    32501	2021-02-18 08:15:11	1	0	15	0
    90598	2021-02-18 08:27:24	1	0	15	0
    90598	2021-02-18 08:27:26	1	0	15	0
    32401	2021-02-18 08:40:25	1	0	15	0
    90399	2021-02-18 08:57:29	1	0	15	0
    90399	2021-02-18 08:57:30	1	0	15	0
    32404	2021-02-18 11:54:20	1	0	15	0
    32404	2021-02-18 11:58:49	1	0	15	0
    32101	2021-02-18 12:18:53	1	0	15	0
    32101	2021-02-18 12:18:55	1	0	15	0
    32601	2021-02-18 15:17:46	1	0	15	0
    32402	2021-02-18 15:27:17	1	0	15	0
    32101	2021-02-18 15:42:50	1	0	15	0
    32101	2021-02-18 15:42:52	1	0	15	0
    32401	2021-02-18 16:02:29	1	0	15	0
    32403	2021-02-18 16:05:25	1	0	15	0
    90399	2021-02-18 17:01:31	1	0	15	0
    90399	2021-02-18 17:01:34	1	0	15	0
    32501	2021-02-18 17:02:35	1	0	15	0
    32501	2021-02-18 17:02:37	1	0	15	0
    90598	2021-02-18 17:04:00	1	0	15	0
    90598	2021-02-18 17:04:02	1	0	15	0
    32602	2021-02-18 18:11:06	1	0	15	0
    32501	2021-02-19 09:11:42	1	0	15	0
    32501	2021-02-19 16:05:17	1	0	15	0
    32501	2021-02-19 16:05:19	1	0	15	0
    32501	2021-02-20 09:19:17	1	0	15	0
    32501	2021-02-20 09:19:19	1	0	15	0
    32602	2021-02-20 10:34:38	1	0	15	0
    32602	2021-02-20 16:00:54	1	0	15	0
    32501	2021-02-20 16:02:53	1	0	15	0
    32501	2021-02-20 16:02:54	1	0	15	0
    32404	2021-02-21 07:51:40	1	0	15	0
    32601	2021-02-21 07:52:38	1	0	15	0
    32602	2021-02-21 08:03:21	1	0	15	0
    32403	2021-02-21 08:09:27	1	0	15	0
    32401	2021-02-21 08:16:39	1	0	15	0
    32501	2021-02-21 08:24:14	1	0	15	0
    90598	2021-02-21 09:01:29	1	0	15	0
    90598	2021-02-21 09:01:30	1	0	15	0
    32101	2021-02-21 09:05:55	1	0	15	0
    32101	2021-02-21 12:30:22	1	0	15	0
    32101	2021-02-21 12:30:24	1	0	15	0
    32101	2021-02-21 12:30:26	1	0	15	0
    32101	2021-02-21 12:30:28	1	0	15	0
