        1	2020-07-05 16:46:53	1	0	15	0
        1	2020-07-05 16:46:54	1	0	15	0
        1	2020-07-05 16:47:30	1	0	15	0
        1	2020-07-05 16:47:32	1	0	15	0
        1	2020-07-05 17:21:15	1	0	15	0
        1	2020-07-05 17:21:17	1	0	15	0
        1	2020-07-08 14:40:16	1	0	15	0
        1	2020-07-08 14:40:17	1	0	15	0
        1	2020-07-08 14:40:19	1	0	15	0
        1	2020-07-08 14:40:21	1	0	15	0
        1	2020-07-08 14:40:25	1	0	15	0
        1	2020-07-08 14:40:26	1	0	15	0
        1	2020-07-08 14:43:39	1	0	15	0
        1	2020-07-08 14:43:41	1	0	15	0
        1	2020-07-08 14:45:10	1	0	15	0
        1	2020-07-08 14:50:28	1	0	15	0
        2	2020-07-08 15:05:55	1	0	15	0
        2	2020-07-08 15:05:56	1	0	15	0
        2	2020-07-08 15:06:31	1	0	15	0
        2	2020-07-08 15:06:33	1	0	15	0
        1	2020-07-08 15:10:02	1	0	15	0
        1	2020-07-08 17:00:01	1	0	15	0
        1	2020-11-16 12:14:41	1	0	15	0
        1	2020-11-16 12:14:44	1	0	15	0
        1	2020-11-16 12:15:00	1	0	4	0
   778822	2020-11-23 12:15:56	1	4	4	0
    43101	2020-11-23 12:21:42	1	0	15	0
    43101	2020-11-23 12:21:45	1	0	15	0
    43404	2020-11-23 12:24:44	1	0	15	0
    43404	2020-11-23 12:24:47	1	0	15	0
    43403	2020-11-23 12:26:17	1	0	15	0
    43401	2020-11-23 12:27:35	1	0	15	0
    43601	2020-11-23 12:28:44	1	0	15	0
    43601	2020-11-23 12:28:46	1	0	15	0
   778822	2020-11-23 12:31:03	1	0	4	0
    43402	2020-11-23 12:32:04	1	0	15	0
    43602	2020-11-23 12:33:30	1	0	15	0
    43501	2020-11-23 12:36:05	1	0	15	0
    43301	2020-11-23 14:00:39	1	0	15	0
    43301	2020-11-23 14:00:41	1	0	15	0
    43301	2020-11-23 15:06:16	1	0	15	0
    43301	2020-11-23 15:09:27	1	0	15	0
    43301	2020-11-23 15:09:30	1	0	15	0
    43301	2020-11-23 15:09:31	1	0	15	0
    43403	2020-11-23 15:56:29	1	1	15	0
    43601	2020-11-23 16:01:32	1	1	15	0
    43403	2020-11-23 16:02:05	1	1	15	0
    43404	2020-11-23 16:02:16	1	1	15	0
    43404	2020-11-23 16:02:18	1	1	15	0
    43402	2020-11-23 16:02:34	1	1	15	0
    43101	2020-11-23 16:06:32	1	1	15	0
    43301	2020-11-23 16:07:18	1	1	15	0
    43301	2020-11-23 16:07:20	1	1	15	0
    43602	2020-11-23 16:10:33	1	1	15	0
    43401	2020-11-23 17:00:10	1	1	15	0
    43501	2020-11-23 17:00:16	1	1	15	0
    43601	2020-11-24 07:57:57	1	0	15	0
    43402	2020-11-24 07:58:03	1	0	15	0
    43301	2020-11-24 07:58:07	1	0	15	0
    43404	2020-11-24 07:58:13	1	0	15	0
    43501	2020-11-24 07:58:19	1	0	15	0
    43501	2020-11-24 07:58:21	1	0	15	0
    43101	2020-11-24 07:58:47	1	0	15	0
    43101	2020-11-24 07:58:50	1	0	15	0
    43401	2020-11-24 08:00:01	1	0	15	0
    43602	2020-11-24 08:00:27	1	0	15	0
    43403	2020-11-24 08:13:07	1	0	15	0
    43302	2020-11-24 10:42:18	1	0	15	0
    43302	2020-11-24 10:42:20	1	0	15	0
    43101	2020-11-24 10:42:50	1	0	15	0
    43302	2020-11-24 16:05:03	1	0	15	0
    43302	2020-11-24 16:05:05	1	0	15	0
    43601	2020-11-24 16:11:10	1	0	15	0
    43601	2020-11-24 16:11:12	1	0	15	0
    43403	2020-11-24 16:12:58	1	0	15	0
    43403	2020-11-24 16:13:00	1	0	15	0
    43403	2020-11-24 16:13:19	1	1	15	0
    43602	2020-11-24 16:18:18	1	1	15	0
    43602	2020-11-24 16:18:20	1	1	15	0
    43101	2020-11-24 16:20:55	1	1	15	0
    43101	2020-11-24 16:20:57	1	1	15	0
    43501	2020-11-24 17:00:05	1	1	15	0
    43501	2020-11-24 17:00:07	1	1	15	0
    43402	2020-11-24 17:03:26	1	1	15	0
    43401	2020-11-24 17:03:32	1	1	15	0
    43401	2020-11-24 17:03:34	1	1	15	0
    43404	2020-11-24 17:04:13	1	1	15	0
    43404	2020-11-24 17:04:15	1	1	15	0
    43301	2020-11-24 17:04:49	1	1	15	0
    43101	2020-11-25 07:49:21	1	0	15	0
    43602	2020-11-25 07:49:32	1	0	15	0
    43602	2020-11-25 07:49:34	1	0	15	0
    43302	2020-11-25 07:55:25	1	0	15	0
    43404	2020-11-25 07:56:27	1	0	15	0
    43404	2020-11-25 07:56:29	1	0	15	0
    43401	2020-11-25 07:56:50	1	0	15	0
    43402	2020-11-25 07:58:36	1	0	15	0
    43301	2020-11-25 08:02:00	1	0	15	0
    43301	2020-11-25 08:02:02	1	0	15	0
    43601	2020-11-25 08:02:34	1	0	15	0
    43101	2020-11-25 08:13:13	1	0	15	0
   778822	2020-11-25 08:13:59	1	0	4	0
    43501	2020-11-25 08:40:42	1	4	15	0
    43301	2020-11-25 16:08:34	1	5	15	0
    43101	2020-11-25 16:08:51	1	5	15	0
    43101	2020-11-25 16:08:53	1	5	15	0
    43101	2020-11-25 16:09:03	1	5	15	0
    43101	2020-11-25 16:09:05	1	5	15	0
    43602	2020-11-25 16:19:56	1	5	15	0
    43602	2020-11-25 16:19:58	1	5	15	0
    43501	2020-11-25 16:24:37	1	5	15	0
    43501	2020-11-25 16:24:39	1	5	15	0
    43601	2020-11-25 16:24:59	1	5	15	0
    43402	2020-11-25 16:44:54	1	5	15	0
    43402	2020-11-25 16:44:56	1	5	15	0
    43401	2020-11-25 17:00:58	1	5	15	0
    43404	2020-11-25 17:03:37	1	5	15	0
    43404	2020-11-25 17:03:39	1	5	15	0
    43302	2020-11-25 17:03:41	1	5	15	0
    43302	2020-11-25 17:03:44	1	5	15	0
    43302	2020-11-25 17:03:46	1	5	15	0
    43501	2020-11-26 07:49:16	1	0	15	0
    43401	2020-11-26 07:50:15	1	0	15	0
    43301	2020-11-26 07:54:26	1	0	15	0
    43301	2020-11-26 07:54:28	1	0	15	0
    43302	2020-11-26 07:56:04	1	0	15	0
    43302	2020-11-26 07:56:06	1	0	15	0
    43101	2020-11-26 07:56:50	1	0	15	0
    43101	2020-11-26 07:56:52	1	0	15	0
    43601	2020-11-26 07:57:56	1	0	15	0
    43601	2020-11-26 07:57:58	1	0	15	0
    43402	2020-11-26 07:58:53	1	0	15	0
    43404	2020-11-26 07:59:07	1	0	15	0
    43404	2020-11-26 07:59:09	1	0	15	0
    43602	2020-11-26 08:02:42	1	0	15	0
    43403	2020-11-26 08:07:17	1	0	15	0
    43601	2020-11-26 17:11:14	1	5	15	0
    43601	2020-11-26 17:11:16	1	5	15	0
    43101	2020-11-26 17:14:08	1	5	15	0
    43101	2020-11-26 17:14:10	1	5	15	0
    43403	2020-11-26 17:14:23	1	5	15	0
    43602	2020-11-26 17:14:48	1	5	15	0
    43602	2020-11-26 17:14:50	1	5	15	0
    43302	2020-11-26 17:15:23	1	5	15	0
    43501	2020-11-26 17:26:41	1	5	15	0
    43404	2020-11-26 17:27:05	1	5	15	0
    43404	2020-11-26 17:27:07	1	5	15	0
    43402	2020-11-26 17:27:29	1	5	15	0
    43401	2020-11-26 17:27:50	1	5	15	0
    43301	2020-11-26 17:29:11	1	5	15	0
    43301	2020-11-26 17:29:13	1	5	15	0
    43403	2020-11-27 09:25:54	1	0	15	0
    43403	2020-11-27 16:05:47	1	1	15	0
    43403	2020-11-28 09:16:43	1	0	15	0
    43404	2020-11-28 09:16:48	1	0	15	0
    43302	2020-11-28 09:16:52	1	0	15	0
    43602	2020-11-28 09:16:59	1	0	15	0
    43602	2020-11-28 09:17:02	1	0	15	0
    43501	2020-11-28 09:17:28	1	0	15	0
    43501	2020-11-28 09:17:31	1	0	15	0
    43602	2020-11-28 12:15:14	1	1	15	0
    43602	2020-11-28 12:15:17	1	1	15	0
    43302	2020-11-28 16:02:06	1	1	15	0
    43302	2020-11-28 16:02:08	1	1	15	0
    43501	2020-11-28 17:14:43	1	1	15	0
    43501	2020-11-28 17:14:45	1	1	15	0
    43403	2020-11-28 17:14:57	1	1	15	0
    43404	2020-11-28 17:15:09	1	1	15	0
    43404	2020-11-28 17:15:11	1	1	15	0
    43401	2020-11-29 07:53:35	1	4	15	0
    43401	2020-11-29 07:53:38	1	4	15	0
    43501	2020-11-29 07:53:51	1	4	15	0
    43101	2020-11-29 07:54:00	1	4	15	0
    43101	2020-11-29 07:54:02	1	4	15	0
    43302	2020-11-29 07:57:10	1	4	15	0
    43403	2020-11-29 07:58:19	1	0	15	0
    43402	2020-11-29 07:58:30	1	0	15	0
    43404	2020-11-29 07:58:41	1	0	15	0
    43404	2020-11-29 07:58:43	1	0	15	0
    43601	2020-11-29 08:00:12	1	0	15	0
    43601	2020-11-29 08:00:13	1	0	15	0
    43301	2020-11-29 08:01:59	1	0	15	0
    43602	2020-11-29 08:15:54	1	0	15	0
    43602	2020-11-29 08:15:56	1	0	15	0
    43602	2020-11-29 10:23:21	1	1	15	0
    43301	2020-11-29 10:35:36	1	1	15	0
    43601	2020-11-29 16:01:27	1	1	15	0
    43501	2020-11-29 16:16:12	1	1	15	0
    43501	2020-11-29 16:16:14	1	1	15	0
    43401	2020-11-29 16:16:17	1	1	15	0
    43401	2020-11-29 16:16:19	1	1	15	0
    43404	2020-11-29 16:17:02	1	1	15	0
    43404	2020-11-29 16:17:04	1	1	15	0
    43101	2020-11-29 16:17:17	1	1	15	0
    43101	2020-11-29 16:17:23	1	1	15	0
    43101	2020-11-29 16:17:25	1	1	15	0
    43403	2020-11-29 16:55:53	1	1	15	0
    43403	2020-11-29 16:55:55	1	1	15	0
    43302	2020-11-29 16:56:10	1	1	15	0
    43302	2020-11-29 16:56:13	1	1	15	0
    43101	2020-11-30 07:49:31	1	0	15	0
    43401	2020-11-30 07:49:58	1	0	15	0
    43401	2020-11-30 07:50:00	1	0	15	0
    43501	2020-11-30 07:52:01	1	0	15	0
    43404	2020-11-30 07:55:44	1	0	15	0
    43404	2020-11-30 07:55:46	1	0	15	0
    43302	2020-11-30 07:58:57	1	0	15	0
    43601	2020-11-30 08:05:14	1	0	15	0
    43601	2020-11-30 08:05:16	1	0	15	0
    43301	2020-11-30 08:05:45	1	0	15	0
    43402	2020-11-30 08:09:13	1	0	15	0
    43402	2020-11-30 08:09:15	1	0	15	0
    43301	2020-11-30 09:02:28	1	1	15	0
    43302	2020-11-30 09:02:35	1	1	15	0
    43301	2020-11-30 13:30:35	1	4	15	0
    43301	2020-11-30 13:30:37	1	4	15	0
    43302	2020-11-30 13:30:49	1	4	15	0
    43302	2020-11-30 13:30:52	1	4	15	0
    43101	2020-11-30 16:02:35	1	4	15	0
    43101	2020-11-30 16:02:37	1	4	15	0
    43302	2020-11-30 16:02:54	1	4	15	0
    43302	2020-11-30 16:03:30	1	4	15	0
    43401	2020-11-30 16:21:42	1	4	15	0
    43501	2020-11-30 16:23:37	1	4	15	0
    43402	2020-11-30 17:13:37	1	5	15	0
    43404	2020-11-30 17:33:00	1	5	15	0
    43404	2020-11-30 17:33:02	1	5	15	0
    43301	2020-11-30 17:33:15	1	5	15	0
    43402	2020-11-30 17:56:20	1	5	15	0
    43501	2020-12-01 07:52:41	1	0	15	0
    43602	2020-12-01 07:52:48	1	0	15	0
    43404	2020-12-01 07:52:54	1	0	15	0
    43404	2020-12-01 07:52:57	1	0	15	0
    43301	2020-12-01 07:53:11	1	0	15	0
    43401	2020-12-01 07:53:56	1	0	15	0
    43302	2020-12-01 07:56:08	1	0	15	0
    43302	2020-12-01 07:56:10	1	0	15	0
    43403	2020-12-01 08:00:00	1	0	15	0
    43402	2020-12-01 08:04:15	1	0	15	0
    43601	2020-12-01 08:11:24	1	0	15	0
    43501	2020-12-01 09:27:58	1	0	15	0
    43501	2020-12-01 09:28:00	1	0	15	0
    43401	2020-12-01 16:05:31	1	0	15	0
    43404	2020-12-01 16:06:22	1	5	15	0
    43404	2020-12-01 16:06:25	1	5	15	0
    43601	2020-12-01 16:07:55	1	5	15	0
    43601	2020-12-01 16:07:57	1	5	15	0
    43501	2020-12-01 16:08:27	1	5	15	0
    43501	2020-12-01 16:08:30	1	5	15	0
    43402	2020-12-01 16:09:00	1	5	15	0
    43301	2020-12-01 16:09:40	1	5	15	0
    43301	2020-12-01 16:09:42	1	5	15	0
    43602	2020-12-01 16:09:44	1	5	15	0
    43602	2020-12-01 16:09:46	1	5	15	0
    43403	2020-12-01 16:51:07	1	1	15	0
    43302	2020-12-01 16:51:11	1	1	15	0
    43302	2020-12-01 16:51:13	1	1	15	0
    43404	2020-12-02 07:59:25	1	0	15	0
    43404	2020-12-02 07:59:28	1	0	15	0
    43602	2020-12-02 07:59:33	1	0	15	0
    43302	2020-12-02 07:59:41	1	0	15	0
    43403	2020-12-02 08:00:24	1	0	15	0
    43403	2020-12-02 08:00:31	1	0	15	0
    43401	2020-12-02 08:03:39	1	0	15	0
    43402	2020-12-02 08:03:47	1	0	15	0
    43402	2020-12-02 08:03:49	1	0	15	0
    43101	2020-12-02 08:04:36	1	0	15	0
    43101	2020-12-02 08:04:38	1	0	15	0
    43601	2020-12-02 08:09:17	1	0	15	0
    43301	2020-12-02 08:10:09	1	0	15	0
    43301	2020-12-02 09:22:45	1	5	15	0
    43601	2020-12-02 16:01:23	1	5	15	0
    43602	2020-12-02 16:08:29	1	5	15	0
    43404	2020-12-02 16:18:44	1	5	15	0
    43404	2020-12-02 16:18:46	1	5	15	0
    43401	2020-12-02 16:20:57	1	5	15	0
    43401	2020-12-02 16:20:59	1	5	15	0
    43302	2020-12-02 16:23:20	1	5	15	0
    43402	2020-12-02 16:25:52	1	5	15	0
    43403	2020-12-02 17:06:58	1	1	15	0
    43101	2020-12-03 07:52:56	1	0	15	0
    43101	2020-12-03 07:52:59	1	0	15	0
    43501	2020-12-03 07:53:23	1	0	15	0
    43602	2020-12-03 07:57:47	1	0	15	0
    43302	2020-12-03 07:57:51	1	0	15	0
    43401	2020-12-03 07:59:01	1	0	15	0
    43301	2020-12-03 07:59:32	1	0	15	0
    43301	2020-12-03 07:59:34	1	0	15	0
    43601	2020-12-03 08:01:21	1	0	15	0
    43601	2020-12-03 08:01:24	1	0	15	0
    43404	2020-12-03 08:01:26	1	0	15	0
    43404	2020-12-03 08:01:28	1	0	15	0
    43402	2020-12-03 08:02:02	1	0	15	0
    43402	2020-12-03 08:02:04	1	0	15	0
    43403	2020-12-03 08:03:51	1	0	15	0
    43601	2020-12-03 16:02:19	1	0	15	0
    43601	2020-12-03 16:02:21	1	0	15	0
    43301	2020-12-03 16:06:20	1	5	15	0
    43402	2020-12-03 16:06:29	1	5	15	0
    43101	2020-12-03 16:06:56	1	5	15	0
    43501	2020-12-03 16:07:12	1	5	15	0
    43602	2020-12-03 16:07:29	1	5	15	0
    43602	2020-12-03 16:07:31	1	5	15	0
    43401	2020-12-03 16:08:42	1	5	15	0
    43404	2020-12-03 16:11:50	1	5	15	0
    43404	2020-12-03 16:11:52	1	5	15	0
    43402	2020-12-03 16:27:42	1	5	15	0
    43402	2020-12-03 16:27:44	1	5	15	0
    43403	2020-12-04 09:04:13	1	0	15	0
    43403	2020-12-04 15:56:49	1	1	15	0
    43602	2020-12-05 09:03:36	1	0	15	0
    43403	2020-12-05 09:03:55	1	0	15	0
    43602	2020-12-05 13:13:44	1	1	15	0
    43602	2020-12-05 13:13:46	1	1	15	0
    43403	2020-12-05 16:27:14	1	1	15	0
    43602	2020-12-06 07:54:31	1	0	15	0
    43602	2020-12-06 07:54:34	1	0	15	0
    43401	2020-12-06 07:54:44	1	0	15	0
    43101	2020-12-06 07:55:06	1	0	15	0
    43101	2020-12-06 07:55:08	1	0	15	0
    43404	2020-12-06 07:56:55	1	0	15	0
    43404	2020-12-06 07:56:57	1	0	15	0
    43403	2020-12-06 07:59:32	1	0	15	0
    43402	2020-12-06 08:01:48	1	0	15	0
    43301	2020-12-06 08:03:03	1	0	15	0
    43302	2020-12-06 08:03:08	1	0	15	0
    43302	2020-12-06 08:03:10	1	0	15	0
    43601	2020-12-06 08:06:37	1	0	15	0
    43601	2020-12-06 08:06:39	1	0	15	0
    43501	2020-12-06 08:34:43	1	0	15	0
    43501	2020-12-06 08:34:45	1	0	15	0
    43302	2020-12-06 08:44:26	1	1	15	0
    43601	2020-12-06 16:03:53	1	1	15	0
    43601	2020-12-06 16:03:55	1	1	15	0
    43402	2020-12-06 16:05:03	1	1	15	0
    43602	2020-12-06 16:23:16	1	1	15	0
    43501	2020-12-06 18:12:28	1	1	15	0
    43404	2020-12-06 18:12:42	1	1	15	0
    43404	2020-12-06 18:12:44	1	1	15	0
    43403	2020-12-06 18:12:48	1	1	15	0
    43301	2020-12-06 19:13:09	1	1	15	0
    43401	2020-12-06 19:15:07	1	1	15	0
    43401	2020-12-07 07:53:17	1	0	15	0
    43404	2020-12-07 07:53:24	1	0	15	0
    43404	2020-12-07 07:53:27	1	0	15	0
    43301	2020-12-07 07:56:33	1	0	15	0
    43501	2020-12-07 07:56:37	1	0	15	0
    43602	2020-12-07 07:56:42	1	0	15	0
    43302	2020-12-07 08:02:17	1	0	15	0
    43601	2020-12-07 08:04:19	1	0	15	0
    43601	2020-12-07 08:04:21	1	0	15	0
    43302	2020-12-07 08:42:33	1	1	15	0
    43301	2020-12-07 08:42:40	1	1	15	0
    43402	2020-12-07 11:11:25	1	1	15	0
    43402	2020-12-07 11:11:26	1	1	15	0
    43301	2020-12-07 12:12:21	1	0	15	0
    43302	2020-12-07 12:12:27	1	0	15	0
    43601	2020-12-07 16:00:26	1	0	15	0
    43602	2020-12-07 16:08:05	1	1	15	0
    43402	2020-12-07 16:49:02	1	1	15	0
    43302	2020-12-07 17:01:23	1	1	15	0
    43501	2020-12-07 17:35:02	1	1	15	0
    43401	2020-12-07 17:35:42	1	1	15	0
    43404	2020-12-07 17:35:48	1	1	15	0
    43404	2020-12-07 17:35:50	1	1	15	0
    43301	2020-12-07 17:35:58	1	1	15	0
    43101	2020-12-08 07:41:29	1	0	15	0
    43101	2020-12-08 07:41:32	1	0	15	0
    43602	2020-12-08 07:49:54	1	0	15	0
    43602	2020-12-08 07:49:56	1	0	15	0
    43501	2020-12-08 07:57:44	1	0	15	0
    43501	2020-12-08 07:57:46	1	0	15	0
    43404	2020-12-08 07:57:57	1	0	15	0
    43404	2020-12-08 07:57:59	1	0	15	0
    43301	2020-12-08 07:59:39	1	0	15	0
    43302	2020-12-08 08:02:40	1	0	15	0
    43402	2020-12-08 08:08:07	1	0	15	0
    43601	2020-12-08 08:08:52	1	0	15	0
    43302	2020-12-08 09:34:13	1	1	15	0
    43302	2020-12-08 09:34:15	1	1	15	0
    43302	2020-12-08 12:27:12	1	0	15	0
    43601	2020-12-08 16:00:22	1	0	15	0
    43601	2020-12-08 16:00:24	1	0	15	0
    43101	2020-12-08 16:12:10	1	0	15	0
    43602	2020-12-08 16:16:10	1	1	15	0
    43302	2020-12-08 16:16:34	1	1	15	0
    43402	2020-12-08 16:41:20	1	1	15	0
    43402	2020-12-08 16:41:22	1	1	15	0
    43501	2020-12-08 17:09:12	1	1	15	0
    43404	2020-12-08 17:16:43	1	1	15	0
    43404	2020-12-08 17:16:45	1	1	15	0
    43301	2020-12-08 17:17:03	1	1	15	0
    43404	2020-12-09 07:55:08	1	0	15	0
    43404	2020-12-09 07:55:11	1	0	15	0
    43501	2020-12-09 07:55:16	1	0	15	0
    43302	2020-12-09 07:56:26	1	0	15	0
    43401	2020-12-09 07:59:34	1	0	15	0
    43401	2020-12-09 07:59:36	1	0	15	0
    43402	2020-12-09 08:02:05	1	0	15	0
    43402	2020-12-09 08:02:07	1	0	15	0
    43301	2020-12-09 08:02:17	1	0	15	0
    43403	2020-12-09 08:02:31	1	0	15	0
    43101	2020-12-09 08:03:28	1	0	15	0
    43101	2020-12-09 08:03:31	1	0	15	0
    43601	2020-12-09 08:06:09	1	0	15	0
    43601	2020-12-09 08:06:12	1	0	15	0
    43602	2020-12-09 08:26:12	1	0	15	0
    43301	2020-12-09 09:08:15	1	1	15	0
    43301	2020-12-09 12:58:39	1	0	15	0
    43601	2020-12-09 16:02:54	1	0	15	0
    43601	2020-12-09 16:02:56	1	0	15	0
    43402	2020-12-09 16:05:26	1	0	15	0
    43401	2020-12-09 16:07:23	1	0	15	0
    43403	2020-12-09 16:07:44	1	1	15	0
    43101	2020-12-09 16:10:15	1	1	15	0
    43602	2020-12-09 16:12:36	1	1	15	0
    43501	2020-12-09 16:58:05	1	1	15	0
    43302	2020-12-09 17:00:25	1	1	15	0
    43301	2020-12-09 17:10:06	1	1	15	0
    43404	2020-12-09 17:10:15	1	1	15	0
    43404	2020-12-09 17:10:18	1	1	15	0
    43602	2020-12-10 07:54:04	1	0	15	0
    43404	2020-12-10 07:54:09	1	0	15	0
    43101	2020-12-10 07:54:31	1	0	15	0
    43401	2020-12-10 07:54:46	1	0	15	0
    43501	2020-12-10 07:56:49	1	0	15	0
    43301	2020-12-10 07:57:15	1	0	15	0
    43403	2020-12-10 08:00:36	1	0	15	0
    43302	2020-12-10 08:01:58	1	0	15	0
    43402	2020-12-10 08:05:02	1	0	15	0
    43601	2020-12-10 08:12:15	1	0	15	0
    43402	2020-12-10 16:05:15	1	0	15	0
    43402	2020-12-10 16:05:17	1	0	15	0
    43302	2020-12-10 16:06:08	1	1	15	0
    43302	2020-12-10 16:06:10	1	1	15	0
    43602	2020-12-10 16:07:36	1	1	15	0
    43401	2020-12-10 16:15:11	1	1	15	0
    43403	2020-12-10 16:18:21	1	1	15	0
    43404	2020-12-10 16:21:51	1	1	15	0
    43404	2020-12-10 16:21:53	1	1	15	0
    43601	2020-12-10 16:26:13	1	1	15	0
    43601	2020-12-10 16:26:15	1	1	15	0
    43301	2020-12-10 17:08:15	1	1	15	0
    43403	2020-12-11 09:09:21	1	0	15	0
    43403	2020-12-11 09:09:23	1	0	15	0
    43403	2020-12-11 16:06:54	1	1	15	0
    43602	2020-12-12 09:07:24	1	0	15	0
    43403	2020-12-12 09:07:29	1	0	15	0
    43302	2020-12-12 09:07:46	1	0	15	0
    43302	2020-12-12 16:34:45	1	1	15	0
    43403	2020-12-12 17:02:40	1	1	15	0
    43404	2020-12-13 07:57:25	1	0	15	0
    43602	2020-12-13 07:57:31	1	0	15	0
    43301	2020-12-13 07:59:17	1	0	15	0
    43101	2020-12-13 07:59:41	1	0	15	0
    43403	2020-12-13 07:59:57	1	0	15	0
    43401	2020-12-13 08:00:34	1	0	15	0
    43302	2020-12-13 08:03:52	1	0	15	0
    43402	2020-12-13 08:06:05	1	0	15	0
    43501	2020-12-13 08:06:44	1	0	15	0
    43601	2020-12-13 08:14:25	1	0	15	0
    43601	2020-12-13 16:01:45	1	1	15	0
    43601	2020-12-13 16:01:47	1	1	15	0
    43402	2020-12-13 16:05:17	1	1	15	0
    43101	2020-12-13 16:12:12	1	1	15	0
    43403	2020-12-13 16:23:59	1	1	15	0
    43404	2020-12-13 16:24:13	1	1	15	0
    43301	2020-12-13 16:33:52	1	1	15	0
    43402	2020-12-13 16:36:15	1	1	15	0
    43302	2020-12-13 16:58:10	1	1	15	0
    43501	2020-12-13 17:00:22	1	1	15	0
    43401	2020-12-13 17:00:26	1	1	15	0
    43401	2020-12-13 17:00:28	1	1	15	0
    43602	2020-12-14 07:52:07	1	0	15	0
    43401	2020-12-14 07:52:32	1	0	15	0
    43404	2020-12-14 07:54:24	1	0	15	0
    43402	2020-12-14 07:58:55	1	0	15	0
    43501	2020-12-14 07:59:40	1	0	15	0
    43301	2020-12-14 08:01:35	1	0	15	0
    43302	2020-12-14 08:03:03	1	0	15	0
    43601	2020-12-14 08:11:38	1	0	15	0
    43101	2020-12-14 08:14:46	1	0	15	0
    43302	2020-12-14 09:06:22	1	1	15	0
    43302	2020-12-14 09:06:24	1	1	15	0
    43302	2020-12-14 12:08:49	1	0	15	0
    43601	2020-12-14 16:04:11	1	0	15	0
    43601	2020-12-14 16:04:14	1	0	15	0
    43402	2020-12-14 16:05:19	1	0	15	0
    43302	2020-12-14 16:05:41	1	1	15	0
    43302	2020-12-14 16:05:43	1	1	15	0
    43404	2020-12-14 16:05:50	1	1	15	0
    43404	2020-12-14 16:05:52	1	1	15	0
    43602	2020-12-14 16:09:08	1	1	15	0
    43101	2020-12-14 16:24:15	1	1	15	0
    43401	2020-12-14 17:01:24	1	1	15	0
    43501	2020-12-14 17:01:54	1	1	15	0
    43301	2020-12-14 17:34:46	1	1	15	0
    43101	2020-12-15 07:54:38	1	0	15	0
    43501	2020-12-15 07:55:22	1	0	15	0
    43404	2020-12-15 07:55:50	1	0	15	0
    43404	2020-12-15 07:55:52	1	0	15	0
    43301	2020-12-15 07:57:43	1	0	15	0
    43401	2020-12-15 07:59:25	1	0	15	0
    43302	2020-12-15 07:59:32	1	0	15	0
    43402	2020-12-15 08:00:05	1	0	15	0
    43602	2020-12-15 08:00:13	1	0	15	0
    43601	2020-12-15 08:03:04	1	0	15	0
    43601	2020-12-15 08:03:06	1	0	15	0
    43301	2020-12-15 16:02:31	1	1	15	0
    43601	2020-12-15 16:02:36	1	1	15	0
    43601	2020-12-15 16:02:37	1	1	15	0
    43404	2020-12-15 16:03:52	1	1	15	0
    43404	2020-12-15 16:03:54	1	1	15	0
    43402	2020-12-15 16:05:14	1	1	15	0
    43602	2020-12-15 16:07:00	1	1	15	0
    43602	2020-12-15 16:07:02	1	1	15	0
    43101	2020-12-15 16:12:06	1	1	15	0
    43302	2020-12-15 17:00:43	1	1	15	0
    43501	2020-12-15 17:05:16	1	1	15	0
    43401	2020-12-15 17:05:33	1	1	15	0
    43401	2020-12-16 07:50:29	1	0	15	0
    43401	2020-12-16 07:50:32	1	0	15	0
    43404	2020-12-16 07:56:51	1	0	15	0
    43404	2020-12-16 07:56:53	1	0	15	0
    43101	2020-12-16 07:57:13	1	0	15	0
    43101	2020-12-16 07:57:15	1	0	15	0
    43602	2020-12-16 07:57:50	1	0	15	0
    43501	2020-12-16 07:59:42	1	0	15	0
    43301	2020-12-16 08:00:18	1	0	15	0
    43402	2020-12-16 08:04:49	1	0	15	0
    43403	2020-12-16 08:06:33	1	0	15	0
    43302	2020-12-16 08:07:42	1	0	15	0
    43601	2020-12-16 08:11:09	1	0	15	0
    43301	2020-12-16 09:40:31	1	1	15	0
    43301	2020-12-16 12:43:16	1	0	15	0
    43403	2020-12-16 16:02:31	1	1	15	0
    43404	2020-12-16 16:02:43	1	1	15	0
    43404	2020-12-16 16:02:45	1	1	15	0
    43601	2020-12-16 16:04:08	1	1	15	0
    43402	2020-12-16 16:04:51	1	1	15	0
    43402	2020-12-16 16:04:52	1	1	15	0
    43302	2020-12-16 16:05:34	1	1	15	0
    43101	2020-12-16 16:11:39	1	1	15	0
    43602	2020-12-16 16:16:42	1	1	15	0
    43501	2020-12-16 17:00:38	1	1	15	0
    43301	2020-12-16 17:00:54	1	1	15	0
    43401	2020-12-16 17:01:03	1	1	15	0
    43101	2020-12-17 07:28:58	1	1	15	0
    43101	2020-12-17 07:29:00	1	1	15	0
    43501	2020-12-17 07:53:33	1	1	15	0
    43401	2020-12-17 07:56:09	1	1	15	0
    43404	2020-12-17 07:56:44	1	0	15	0
    43404	2020-12-17 07:56:46	1	0	15	0
    43401	2020-12-17 07:57:52	1	0	15	0
    43301	2020-12-17 07:59:26	1	0	15	0
    43402	2020-12-17 08:00:55	1	0	15	0
    43302	2020-12-17 08:02:35	1	0	15	0
    43403	2020-12-17 08:05:33	1	0	15	0
    43602	2020-12-17 08:09:11	1	0	15	0
    43404	2020-12-17 16:03:51	1	1	15	0
    43404	2020-12-17 16:03:53	1	1	15	0
    43602	2020-12-17 16:04:02	1	1	15	0
    43301	2020-12-17 16:04:15	1	1	15	0
    43402	2020-12-17 16:06:17	1	1	15	0
    43402	2020-12-17 16:06:19	1	1	15	0
    43402	2020-12-17 16:51:59	1	1	15	0
    43302	2020-12-17 17:02:51	1	1	15	0
    43501	2020-12-17 17:08:53	1	1	15	0
    43501	2020-12-17 17:08:54	1	1	15	0
    43401	2020-12-17 17:09:37	1	1	15	0
    43401	2020-12-17 17:09:39	1	1	15	0
    43401	2020-12-18 09:00:13	1	0	15	0
    43403	2020-12-18 09:13:02	1	0	15	0
    43403	2020-12-18 15:55:23	1	1	15	0
    43401	2020-12-18 15:55:29	1	1	15	0
    43401	2020-12-19 09:00:59	1	0	15	0
    43602	2020-12-19 09:01:14	1	0	15	0
    43602	2020-12-19 09:01:16	1	0	15	0
    43403	2020-12-19 09:12:12	1	0	15	0
    43602	2020-12-19 12:24:51	1	1	15	0
    43403	2020-12-19 15:57:49	1	1	15	0
    43403	2020-12-19 15:57:51	1	1	15	0
    43401	2020-12-19 15:58:27	1	1	15	0
    43101	2020-12-20 07:55:09	1	0	15	0
    43501	2020-12-20 07:55:56	1	0	15	0
    43501	2020-12-20 07:55:58	1	0	15	0
    43602	2020-12-20 07:58:17	1	0	15	0
    43404	2020-12-20 07:59:33	1	0	15	0
    43401	2020-12-20 08:00:47	1	0	15	0
    43402	2020-12-20 08:00:53	1	0	15	0
    43402	2020-12-20 08:00:55	1	0	15	0
    43302	2020-12-20 08:01:02	1	0	15	0
    43301	2020-12-20 08:01:36	1	0	15	0
    43403	2020-12-20 08:03:08	1	0	15	0
    43601	2020-12-20 08:11:11	1	0	15	0
    43601	2020-12-20 16:00:40	1	1	15	0
    43404	2020-12-20 16:01:37	1	1	15	0
    43302	2020-12-20 16:03:41	1	1	15	0
    43302	2020-12-20 16:03:43	1	1	15	0
    43101	2020-12-20 16:08:40	1	1	15	0
    43101	2020-12-20 16:08:42	1	1	15	0
    43602	2020-12-20 16:13:03	1	1	15	0
    43401	2020-12-20 16:45:20	1	1	15	0
    43401	2020-12-20 16:45:21	1	1	15	0
    43501	2020-12-20 16:46:08	1	1	15	0
    43403	2020-12-20 16:55:02	1	1	15	0
    43301	2020-12-20 16:57:38	1	1	15	0
    43602	2020-12-21 07:56:37	1	0	15	0
    43501	2020-12-21 07:56:58	1	0	15	0
    43404	2020-12-21 07:57:03	1	0	15	0
    43403	2020-12-21 07:57:07	1	0	15	0
    43301	2020-12-21 07:57:12	1	0	15	0
    43401	2020-12-21 07:57:40	1	0	15	0
    43302	2020-12-21 07:59:35	1	0	15	0
    43302	2020-12-21 07:59:37	1	0	15	0
    43402	2020-12-21 08:01:16	1	0	15	0
    43402	2020-12-21 08:01:17	1	0	15	0
    43601	2020-12-21 08:03:52	1	0	15	0
    43601	2020-12-21 08:03:54	1	0	15	0
    43301	2020-12-21 09:19:02	1	1	15	0
    43301	2020-12-21 14:00:44	1	0	15	0
    43601	2020-12-21 16:00:36	1	1	15	0
    43601	2020-12-21 16:00:38	1	1	15	0
    43301	2020-12-21 16:03:46	1	1	15	0
    43602	2020-12-21 16:07:13	1	1	15	0
    43602	2020-12-21 16:07:14	1	1	15	0
    43404	2020-12-21 16:11:59	1	1	15	0
    43402	2020-12-21 16:17:27	1	1	15	0
    43402	2020-12-21 16:17:29	1	1	15	0
    43401	2020-12-21 16:18:42	1	1	15	0
    43401	2020-12-21 16:18:51	1	1	15	0
    43302	2020-12-21 16:46:41	1	1	15	0
    43302	2020-12-21 16:46:43	1	1	15	0
    43403	2020-12-21 16:46:45	1	1	15	0
    43101	2020-12-22 07:47:52	1	0	15	0
    43602	2020-12-22 07:50:28	1	0	15	0
    43404	2020-12-22 07:52:27	1	0	15	0
    43501	2020-12-22 07:53:05	1	0	15	0
    43401	2020-12-22 07:55:32	1	0	15	0
    43301	2020-12-22 07:57:48	1	0	15	0
    43601	2020-12-22 08:02:39	1	0	15	0
    43601	2020-12-22 08:02:41	1	0	15	0
    43302	2020-12-22 08:02:55	1	0	15	0
    43402	2020-12-22 08:07:04	1	0	15	0
    43601	2020-12-22 16:01:04	1	1	15	0
    43601	2020-12-22 16:01:07	1	1	15	0
    43501	2020-12-22 16:01:12	1	1	15	0
    43302	2020-12-22 16:01:54	1	1	15	0
    43402	2020-12-22 16:02:45	1	1	15	0
    43401	2020-12-22 16:03:54	1	1	15	0
    43101	2020-12-22 16:08:02	1	1	15	0
    43404	2020-12-22 17:00:11	1	1	15	0
    43301	2020-12-22 17:00:20	1	1	15	0
    43602	2020-12-23 07:52:08	1	0	15	0
    43404	2020-12-23 07:52:13	1	0	15	0
    43501	2020-12-23 07:53:23	1	0	15	0
    43401	2020-12-23 07:58:08	1	0	15	0
    43101	2020-12-23 08:00:07	1	0	15	0
    43301	2020-12-23 08:00:20	1	0	15	0
    43302	2020-12-23 08:02:15	1	0	15	0
    43601	2020-12-23 08:03:54	1	0	15	0
    43601	2020-12-23 08:03:57	1	0	15	0
    43403	2020-12-23 08:06:20	1	0	15	0
    43402	2020-12-23 08:07:12	1	0	15	0
    43301	2020-12-23 09:00:13	1	1	15	0
    90284	2020-12-23 11:28:05	1	0	15	0
    90284	2020-12-23 11:28:07	1	0	15	0
    90285	2020-12-23 11:29:09	1	0	15	0
    43101	2020-12-23 15:04:43	1	0	15	0
    43301	2020-12-23 15:27:12	1	1	15	0
    43601	2020-12-23 16:02:12	1	1	15	0
    43601	2020-12-23 16:02:14	1	1	15	0
    90285	2020-12-23 16:05:46	1	1	15	0
    90284	2020-12-23 16:05:50	1	1	15	0
    43404	2020-12-23 16:07:34	1	1	15	0
    43404	2020-12-23 16:07:37	1	1	15	0
    43301	2020-12-23 16:07:40	1	1	15	0
    43501	2020-12-23 16:14:58	1	1	15	0
    43402	2020-12-23 16:18:22	1	1	15	0
    43401	2020-12-23 16:20:15	1	1	15	0
    43501	2020-12-24 08:01:33	1	0	15	0
    43301	2020-12-24 08:01:40	1	0	15	0
    90285	2020-12-24 08:01:49	1	0	15	0
    43602	2020-12-24 08:01:57	1	0	15	0
    43404	2020-12-24 08:02:03	1	0	15	0
    43302	2020-12-24 08:02:11	1	0	15	0
    43302	2020-12-24 08:02:14	1	0	15	0
    90284	2020-12-24 08:02:21	1	0	15	0
    43402	2020-12-24 08:02:25	1	0	15	0
    43402	2020-12-24 08:02:28	1	0	15	0
    43403	2020-12-24 08:02:42	1	0	15	0
    43101	2020-12-24 08:04:03	1	0	15	0
    43601	2020-12-24 08:36:28	1	0	15	0
    43601	2020-12-24 08:36:30	1	0	15	0
    90284	2020-12-24 15:37:55	1	1	15	0
    43302	2020-12-24 15:49:43	1	1	15	0
    43404	2020-12-24 15:59:53	1	1	15	0
    43404	2020-12-24 15:59:55	1	1	15	0
    43101	2020-12-24 15:59:57	1	1	15	0
    43101	2020-12-24 15:59:59	1	1	15	0
    43402	2020-12-24 16:09:30	1	1	15	0
    43402	2020-12-24 16:09:32	1	1	15	0
    90285	2020-12-24 16:21:39	1	1	15	0
    90285	2020-12-24 16:21:41	1	1	15	0
    43501	2020-12-24 16:24:02	1	1	15	0
    43501	2020-12-24 16:24:04	1	1	15	0
    43403	2020-12-24 16:25:52	1	1	15	0
    43403	2020-12-25 09:01:12	1	0	15	0
    43404	2020-12-25 09:02:50	1	0	15	0
    43404	2020-12-25 09:02:52	1	0	15	0
    43101	2020-12-25 12:47:20	1	0	15	0
    43403	2020-12-25 16:38:01	1	1	15	0
    43404	2020-12-25 16:38:36	1	1	15	0
    43404	2020-12-25 16:38:38	1	1	15	0
    43101	2020-12-25 16:38:47	1	1	15	0
    43404	2020-12-26 09:14:39	1	0	15	0
    43404	2020-12-26 09:14:42	1	0	15	0
    43403	2020-12-26 10:56:33	1	0	15	0
    43501	2020-12-27 08:30:59	1	0	15	0
    43101	2020-12-27 09:56:44	1	0	15	0
    43601	2020-12-27 09:56:58	1	0	15	0
    43301	2020-12-27 09:57:04	1	0	15	0
    43302	2020-12-27 09:58:30	1	0	15	0
    43402	2020-12-27 12:39:25	1	0	15	0
    43402	2020-12-27 12:39:27	1	0	15	0
    90285	2020-12-27 16:04:29	1	1	15	0
    43302	2020-12-27 16:11:41	1	1	15	0
    43302	2020-12-27 16:11:44	1	1	15	0
    90284	2020-12-27 16:12:25	1	1	15	0
    43601	2020-12-27 17:00:21	1	1	15	0
    43402	2020-12-27 17:00:34	1	1	15	0
    43501	2020-12-27 17:00:53	1	1	15	0
    43101	2020-12-27 17:02:06	1	1	15	0
    43101	2020-12-27 17:02:08	1	1	15	0
    43404	2020-12-27 17:02:28	1	1	15	0
    43301	2020-12-27 17:02:56	1	1	15	0
    43404	2020-12-28 07:41:42	1	0	15	0
    43101	2020-12-28 07:42:09	1	0	15	0
    43302	2020-12-28 07:55:31	1	0	15	0
    43501	2020-12-28 07:57:11	1	0	15	0
    43601	2020-12-28 07:59:01	1	0	15	0
    90285	2020-12-28 08:00:29	1	0	15	0
    90284	2020-12-28 08:02:02	1	0	15	0
    90284	2020-12-28 08:02:04	1	0	15	0
    43301	2020-12-28 08:02:43	1	0	15	0
    43402	2020-12-28 08:08:38	1	0	15	0
    43302	2020-12-28 09:28:58	1	1	15	0
    43302	2020-12-28 13:09:16	1	0	15	0
    90285	2020-12-28 16:03:37	1	1	15	0
    90284	2020-12-28 16:04:11	1	1	15	0
    43601	2020-12-28 16:07:16	1	1	15	0
    43301	2020-12-28 16:20:18	1	1	15	0
    43301	2020-12-28 16:24:54	1	1	15	0
    43101	2020-12-28 16:25:01	1	1	15	0
    43402	2020-12-28 16:25:30	1	1	15	0
    43302	2020-12-28 16:53:16	1	1	15	0
    43501	2020-12-28 17:17:58	1	1	15	0
    43404	2020-12-28 17:18:06	1	1	15	0
    43404	2020-12-29 07:42:59	1	0	15	0
    43101	2020-12-29 07:47:15	1	0	15	0
    43501	2020-12-29 07:54:38	1	0	15	0
    90285	2020-12-29 07:56:52	1	0	15	0
    43601	2020-12-29 07:59:28	1	0	15	0
    43302	2020-12-29 08:00:36	1	0	15	0
    43302	2020-12-29 08:00:39	1	0	15	0
    43402	2020-12-29 08:00:46	1	0	15	0
    90284	2020-12-29 08:03:16	1	0	15	0
    43301	2020-12-29 08:06:08	1	0	15	0
    43302	2020-12-29 16:03:19	1	1	15	0
    43302	2020-12-29 16:03:21	1	1	15	0
    90285	2020-12-29 16:04:29	1	1	15	0
    90284	2020-12-29 16:09:34	1	1	15	0
    90284	2020-12-29 16:09:36	1	1	15	0
    43101	2020-12-29 16:11:17	1	1	15	0
    43601	2020-12-29 16:11:32	1	1	15	0
    43402	2020-12-29 17:00:44	1	1	15	0
    43404	2020-12-29 17:08:03	1	1	15	0
    43404	2020-12-29 17:08:05	1	1	15	0
    43301	2020-12-29 17:09:51	1	1	15	0
    43101	2020-12-30 07:49:17	1	0	15	0
    43401	2020-12-30 07:49:29	1	0	15	0
    43404	2020-12-30 07:50:31	1	0	15	0
    43404	2020-12-30 07:50:33	1	0	15	0
    43402	2020-12-30 07:53:47	1	0	15	0
    43302	2020-12-30 07:55:45	1	0	15	0
    90284	2020-12-30 07:59:09	1	0	15	0
    90284	2020-12-30 07:59:12	1	0	15	0
    90285	2020-12-30 07:59:16	1	0	15	0
    90285	2020-12-30 07:59:19	1	0	15	0
    43301	2020-12-30 07:59:37	1	0	15	0
    43601	2020-12-30 08:00:45	1	0	15	0
    43501	2020-12-30 08:01:45	1	0	15	0
    90285	2020-12-30 16:12:52	1	1	15	0
    90284	2020-12-30 16:12:59	1	1	15	0
    43301	2020-12-30 16:13:13	1	1	15	0
    43601	2020-12-30 16:13:24	1	1	15	0
    43101	2020-12-30 16:20:33	1	1	15	0
    43404	2020-12-30 16:22:39	1	1	15	0
    43402	2020-12-30 16:52:24	1	1	15	0
    43402	2020-12-30 16:52:27	1	1	15	0
    43302	2020-12-30 16:57:36	1	1	15	0
    43302	2020-12-30 16:57:39	1	1	15	0
    43401	2020-12-30 16:59:10	1	1	15	0
    43404	2020-12-31 07:39:33	1	0	15	0
    43404	2020-12-31 07:40:24	1	0	15	0
    43401	2020-12-31 07:40:52	1	0	15	0
    43601	2020-12-31 07:52:54	1	0	15	0
    43403	2020-12-31 07:53:01	1	0	15	0
    43501	2020-12-31 07:55:23	1	0	15	0
    43302	2020-12-31 07:59:33	1	0	15	0
    43402	2020-12-31 07:59:43	1	0	15	0
    43402	2020-12-31 07:59:46	1	0	15	0
    43301	2020-12-31 08:04:43	1	0	15	0
    90284	2020-12-31 08:07:14	1	0	15	0
    90284	2020-12-31 08:07:15	1	0	15	0
    90285	2020-12-31 08:23:45	1	0	15	0
    90285	2020-12-31 08:23:46	1	0	15	0
    43101	2020-12-31 09:05:31	1	0	15	0
    43501	2020-12-31 16:04:32	1	0	15	0
    43403	2020-12-31 16:09:26	1	1	15	0
    43404	2020-12-31 16:12:37	1	1	15	0
    90285	2020-12-31 16:15:10	1	1	15	0
    43601	2020-12-31 16:17:05	1	1	15	0
    90284	2020-12-31 16:18:22	1	1	15	0
    90284	2020-12-31 16:18:25	1	1	15	0
    43101	2020-12-31 17:21:10	1	1	15	0
    43402	2020-12-31 17:21:15	1	1	15	0
    43302	2020-12-31 17:21:22	1	1	15	0
    43301	2020-12-31 17:21:29	1	1	15	0
    43401	2020-12-31 17:21:49	1	1	15	0
    43401	2020-12-31 17:21:52	1	1	15	0
    43403	2021-01-01 09:10:26	1	0	15	0
    43401	2021-01-01 09:10:31	1	0	15	0
    90284	2021-01-01 09:43:37	1	0	15	0
    90284	2021-01-01 13:37:53	1	1	15	0
    43101	2021-01-01 17:12:56	1	1	15	0
    43401	2021-01-02 08:56:43	1	0	15	0
    43403	2021-01-02 09:05:37	1	0	15	0
    43101	2021-01-02 16:02:26	1	1	15	0
    43101	2021-01-02 16:02:28	1	1	15	0
    43401	2021-01-02 16:15:52	1	1	15	0
    43401	2021-01-02 16:15:54	1	1	15	0
    43403	2021-01-02 16:17:21	1	1	15	0
    43403	2021-01-02 16:17:23	1	1	15	0
    43101	2021-01-03 07:44:53	1	0	15	0
    43401	2021-01-03 07:46:13	1	0	15	0
    43404	2021-01-03 07:48:03	1	0	15	0
    43403	2021-01-03 07:56:11	1	0	15	0
    43302	2021-01-03 07:56:40	1	0	15	0
    43501	2021-01-03 07:57:00	1	0	15	0
    43301	2021-01-03 08:02:45	1	0	15	0
    90285	2021-01-03 08:03:06	1	0	15	0
    90284	2021-01-03 08:04:53	1	0	15	0
    43402	2021-01-03 08:06:31	1	0	15	0
    43601	2021-01-03 09:00:56	1	0	15	0
    43404	2021-01-03 16:07:13	1	1	15	0
    43404	2021-01-03 16:07:15	1	1	15	0
    43403	2021-01-03 16:08:36	1	1	15	0
    90284	2021-01-03 16:20:38	1	1	15	0
    90285	2021-01-03 16:20:47	1	1	15	0
    43601	2021-01-03 16:22:35	1	1	15	0
    43402	2021-01-03 16:23:48	1	1	15	0
    43101	2021-01-03 16:26:25	1	1	15	0
    43501	2021-01-03 16:35:27	1	1	15	0
    43501	2021-01-03 16:35:29	1	1	15	0
    43302	2021-01-03 17:24:29	1	1	15	0
    43301	2021-01-03 17:24:49	1	1	15	0
    43401	2021-01-03 17:25:13	1	1	15	0
    43101	2021-01-04 07:42:34	1	0	15	0
    43404	2021-01-04 07:49:12	1	0	15	0
    43401	2021-01-04 07:51:57	1	0	15	0
    43401	2021-01-04 07:51:59	1	0	15	0
    43302	2021-01-04 07:54:22	1	0	15	0
    43302	2021-01-04 07:54:24	1	0	15	0
    43501	2021-01-04 07:55:17	1	0	15	0
    43301	2021-01-04 08:00:48	1	0	15	0
    43402	2021-01-04 08:02:16	1	0	15	0
    90284	2021-01-04 08:04:53	1	0	15	0
    43601	2021-01-04 08:05:04	1	0	15	0
    43601	2021-01-04 08:05:05	1	0	15	0
    90285	2021-01-04 08:09:16	1	0	15	0
    90285	2021-01-04 08:09:18	1	0	15	0
    43301	2021-01-04 09:04:05	1	1	15	0
    43301	2021-01-04 09:04:06	1	1	15	0
    43301	2021-01-04 13:30:52	1	0	15	0
    43302	2021-01-04 16:03:22	1	1	15	0
    43302	2021-01-04 16:03:23	1	1	15	0
    90285	2021-01-04 16:07:50	1	1	15	0
    90285	2021-01-04 16:07:52	1	1	15	0
    90284	2021-01-04 16:08:29	1	1	15	0
    90284	2021-01-04 16:08:30	1	1	15	0
    43404	2021-01-04 16:09:23	1	1	15	0
    43404	2021-01-04 16:09:24	1	1	15	0
    43101	2021-01-04 16:13:48	1	1	15	0
    43402	2021-01-04 16:39:34	1	1	15	0
    43601	2021-01-04 16:45:40	1	1	15	0
    43601	2021-01-04 16:45:42	1	1	15	0
    43501	2021-01-04 16:58:07	1	1	15	0
    43301	2021-01-04 17:11:31	1	1	15	0
    43401	2021-01-04 17:11:51	1	1	15	0
    43404	2021-01-05 07:48:53	1	0	15	0
    43401	2021-01-05 07:52:47	1	0	15	0
    43401	2021-01-05 07:52:48	1	0	15	0
    43101	2021-01-05 07:54:05	1	0	15	0
    43302	2021-01-05 07:59:32	1	0	15	0
    43402	2021-01-05 07:59:45	1	0	15	0
    43402	2021-01-05 07:59:47	1	0	15	0
    90284	2021-01-05 08:00:32	1	0	15	0
    90284	2021-01-05 08:00:33	1	0	15	0
    43301	2021-01-05 08:01:24	1	0	15	0
    43501	2021-01-05 08:01:40	1	0	15	0
    43501	2021-01-05 08:01:41	1	0	15	0
    43601	2021-01-05 08:03:13	1	0	15	0
    90285	2021-01-05 08:04:20	1	0	15	0
    90285	2021-01-05 08:04:22	1	0	15	0
    43601	2021-01-05 16:07:26	1	0	15	0
    90285	2021-01-05 16:16:55	1	1	15	0
    90285	2021-01-05 16:16:57	1	1	15	0
    43402	2021-01-05 16:26:49	1	1	15	0
    43501	2021-01-05 16:30:29	1	1	15	0
    90284	2021-01-05 16:30:42	1	1	15	0
    43101	2021-01-05 16:31:12	1	1	15	0
    43101	2021-01-05 16:31:14	1	1	15	0
    43401	2021-01-05 16:34:53	1	1	15	0
    43404	2021-01-05 16:55:50	1	1	15	0
    43404	2021-01-05 16:55:51	1	1	15	0
    43302	2021-01-05 18:19:04	1	1	15	0
    43302	2021-01-05 18:19:06	1	1	15	0
    43301	2021-01-05 18:41:15	1	1	15	0
    43301	2021-01-05 18:41:17	1	1	15	0
    43404	2021-01-06 07:51:16	1	0	15	0
    43404	2021-01-06 07:52:38	1	0	15	0
    43404	2021-01-06 07:52:40	1	0	15	0
    90285	2021-01-06 07:55:59	1	0	15	0
    43302	2021-01-06 07:57:05	1	0	15	0
    43401	2021-01-06 07:57:25	1	0	15	0
    43403	2021-01-06 07:59:10	1	0	15	0
    43501	2021-01-06 08:03:30	1	0	15	0
    90284	2021-01-06 08:03:41	1	0	15	0
    90284	2021-01-06 08:03:43	1	0	15	0
    43601	2021-01-06 08:04:39	1	0	15	0
    43601	2021-01-06 08:04:40	1	0	15	0
    43301	2021-01-06 08:07:45	1	0	15	0
    43402	2021-01-06 08:08:46	1	0	15	0
    43302	2021-01-06 09:41:05	1	1	15	0
    43302	2021-01-06 14:14:40	1	0	15	0
    90285	2021-01-06 16:08:40	1	1	15	0
    90285	2021-01-06 16:08:42	1	1	15	0
    90284	2021-01-06 16:09:00	1	1	15	0
    43601	2021-01-06 16:43:06	1	1	15	0
    43601	2021-01-06 16:43:08	1	1	15	0
    43402	2021-01-06 16:43:18	1	1	15	0
    43501	2021-01-06 16:48:35	1	1	15	0
    43302	2021-01-06 16:50:20	1	1	15	0
    43403	2021-01-06 17:47:29	1	1	15	0
    43401	2021-01-06 17:47:35	1	1	15	0
    43404	2021-01-06 17:47:45	1	1	15	0
    43404	2021-01-06 17:47:46	1	1	15	0
    43301	2021-01-06 17:50:06	1	1	15	0
    43301	2021-01-06 17:50:07	1	1	15	0
    43401	2021-01-07 08:49:23	1	0	15	0
    43404	2021-01-07 08:49:35	1	0	15	0
    43404	2021-01-07 18:31:37	1	1	15	0
    43404	2021-01-07 18:31:39	1	1	15	0
    43401	2021-01-07 18:31:53	1	1	15	0
    43403	2021-01-08 09:07:14	1	0	15	0
    43101	2021-01-08 15:38:00	1	0	15	0
    43101	2021-01-09 10:23:08	1	0	15	0
    43403	2021-01-09 10:23:14	1	0	15	0
    43403	2021-01-09 16:19:59	1	1	15	0
    43404	2021-01-10 07:51:39	1	0	15	0
    43404	2021-01-10 07:51:41	1	0	15	0
    43302	2021-01-10 07:53:55	1	0	15	0
    43302	2021-01-10 07:53:57	1	0	15	0
    43101	2021-01-10 07:55:09	1	0	15	0
    43501	2021-01-10 07:57:11	1	0	15	0
    43501	2021-01-10 07:57:12	1	0	15	0
    90284	2021-01-10 07:59:29	1	0	15	0
    90284	2021-01-10 07:59:31	1	0	15	0
    43401	2021-01-10 07:59:41	1	0	15	0
    43402	2021-01-10 08:00:26	1	0	15	0
    43403	2021-01-10 08:03:31	1	0	15	0
    43601	2021-01-10 08:04:12	1	0	15	0
    90285	2021-01-10 08:04:54	1	0	15	0
    90285	2021-01-10 08:04:56	1	0	15	0
    43301	2021-01-10 08:10:11	1	0	15	0
    90284	2021-01-10 16:13:47	1	0	15	0
    90284	2021-01-10 16:13:49	1	0	15	0
    90285	2021-01-10 16:13:57	1	0	15	0
    90284	2021-01-10 16:14:12	1	1	15	0
    90284	2021-01-10 16:14:14	1	1	15	0
    90285	2021-01-10 16:14:28	1	1	15	0
    90285	2021-01-10 16:14:29	1	1	15	0
    43302	2021-01-10 16:19:44	1	1	15	0
    43101	2021-01-10 16:21:53	1	1	15	0
    43101	2021-01-10 16:21:54	1	1	15	0
    43404	2021-01-10 16:22:27	1	1	15	0
    43404	2021-01-10 16:22:29	1	1	15	0
    43501	2021-01-10 16:31:57	1	1	15	0
    43402	2021-01-10 16:33:37	1	1	15	0
    43402	2021-01-10 16:33:39	1	1	15	0
    43601	2021-01-10 16:34:10	1	1	15	0
    43403	2021-01-10 16:55:11	1	1	15	0
    43301	2021-01-10 18:09:06	1	1	15	0
    43401	2021-01-10 18:09:46	1	1	15	0
    43401	2021-01-10 18:09:48	1	1	15	0
    43401	2021-01-11 07:53:48	1	0	15	0
    43401	2021-01-11 07:53:49	1	0	15	0
    43404	2021-01-11 07:55:18	1	0	15	0
    43404	2021-01-11 07:55:20	1	0	15	0
    43501	2021-01-11 07:57:42	1	0	15	0
    43501	2021-01-11 07:57:44	1	0	15	0
    43302	2021-01-11 07:57:52	1	0	15	0
    90284	2021-01-11 07:59:41	1	0	15	0
    90284	2021-01-11 07:59:43	1	0	15	0
    90285	2021-01-11 08:02:27	1	0	15	0
    43402	2021-01-11 08:03:45	1	0	15	0
    43403	2021-01-11 08:04:25	1	0	15	0
    43301	2021-01-11 08:07:15	1	0	15	0
    43601	2021-01-11 08:56:56	1	0	15	0
    43601	2021-01-11 08:56:57	1	0	15	0
    43301	2021-01-11 09:12:59	1	1	15	0
    43301	2021-01-11 13:56:25	1	0	15	0
    43501	2021-01-11 16:32:14	1	0	15	0
    43501	2021-01-11 16:32:16	1	0	15	0
    90285	2021-01-11 16:35:11	1	1	15	0
    90285	2021-01-11 16:35:12	1	1	15	0
    90284	2021-01-11 16:35:34	1	1	15	0
    90284	2021-01-11 16:35:37	1	1	15	0
    90284	2021-01-11 16:35:39	1	1	15	0
    43404	2021-01-11 16:48:37	1	1	15	0
    43404	2021-01-11 16:48:39	1	1	15	0
    43403	2021-01-11 16:48:49	1	1	15	0
    43601	2021-01-11 16:48:54	1	1	15	0
    43402	2021-01-11 16:51:00	1	1	15	0
    43401	2021-01-11 17:00:43	1	1	15	0
    43302	2021-01-11 17:05:56	1	1	15	0
    43302	2021-01-11 17:05:57	1	1	15	0
    43301	2021-01-11 17:12:22	1	1	15	0
    43101	2021-01-12 07:44:33	1	0	15	0
    43401	2021-01-12 07:53:54	1	0	15	0
    43601	2021-01-12 07:56:18	1	0	15	0
    43601	2021-01-12 07:56:20	1	0	15	0
    90284	2021-01-12 07:56:53	1	0	15	0
    90284	2021-01-12 07:56:54	1	0	15	0
    43402	2021-01-12 07:59:17	1	0	15	0
    43404	2021-01-12 08:00:00	1	0	15	0
    43404	2021-01-12 08:00:02	1	0	15	0
    43302	2021-01-12 08:00:46	1	0	15	0
    43501	2021-01-12 08:01:47	1	0	15	0
    90285	2021-01-12 08:02:53	1	0	15	0
    90285	2021-01-12 08:02:54	1	0	15	0
    43403	2021-01-12 08:04:08	1	0	15	0
    43101	2021-01-12 17:18:09	1	0	15	0
    43501	2021-01-12 18:00:31	1	0	15	0
    90284	2021-01-12 18:02:49	1	1	15	0
    90284	2021-01-12 18:02:51	1	1	15	0
    43601	2021-01-12 18:02:57	1	1	15	0
    43601	2021-01-12 18:02:59	1	1	15	0
    90285	2021-01-12 18:03:03	1	1	15	0
    43402	2021-01-12 18:03:21	1	1	15	0
    43302	2021-01-12 18:03:27	1	1	15	0
    43403	2021-01-12 18:04:38	1	1	15	0
    43404	2021-01-12 18:04:58	1	1	15	0
    43404	2021-01-12 18:05:00	1	1	15	0
    43601	2021-01-13 08:05:57	1	0	15	0
    43301	2021-01-13 08:06:45	1	0	15	0
    43404	2021-01-13 08:06:49	1	0	15	0
    43501	2021-01-13 08:06:55	1	0	15	0
    43402	2021-01-13 08:07:18	1	0	15	0
    90285	2021-01-13 08:07:23	1	0	15	0
    43403	2021-01-13 08:07:40	1	0	15	0
    43302	2021-01-13 08:07:50	1	0	15	0
    43401	2021-01-13 08:08:18	1	0	15	0
    90284	2021-01-13 08:09:21	1	0	15	0
    90284	2021-01-13 08:09:22	1	0	15	0
    90285	2021-01-13 16:01:23	1	1	15	0
    90285	2021-01-13 16:01:24	1	1	15	0
    90284	2021-01-13 16:01:35	1	1	15	0
    90284	2021-01-13 16:01:37	1	1	15	0
    43302	2021-01-13 16:02:33	1	1	15	0
    43501	2021-01-13 16:03:28	1	1	15	0
    43601	2021-01-13 16:04:13	1	1	15	0
    43601	2021-01-13 16:04:14	1	1	15	0
    43101	2021-01-13 16:04:20	1	1	15	0
    43101	2021-01-13 16:04:21	1	1	15	0
    43402	2021-01-13 16:06:07	1	1	15	0
    43404	2021-01-13 16:22:33	1	1	15	0
    43301	2021-01-13 16:24:59	1	1	15	0
    43402	2021-01-13 16:39:07	1	1	15	0
    43403	2021-01-13 16:39:16	1	1	15	0
    43401	2021-01-14 08:02:49	1	0	15	0
    43404	2021-01-14 08:02:58	1	0	15	0
    43601	2021-01-14 08:03:06	1	0	15	0
    90285	2021-01-14 08:03:13	1	0	15	0
    43302	2021-01-14 08:03:19	1	0	15	0
    43302	2021-01-14 08:03:21	1	0	15	0
    43501	2021-01-14 08:07:40	1	0	15	0
    90284	2021-01-14 08:08:39	1	0	15	0
    43402	2021-01-14 08:10:14	1	0	15	0
    43403	2021-01-14 08:13:25	1	0	15	0
    43404	2021-01-14 16:05:12	1	1	15	0
    43501	2021-01-14 16:07:23	1	1	15	0
    90285	2021-01-14 16:07:32	1	1	15	0
    43601	2021-01-14 16:07:36	1	1	15	0
    90284	2021-01-14 16:11:41	1	1	15	0
    90284	2021-01-14 16:11:43	1	1	15	0
    43402	2021-01-14 16:34:51	1	1	15	0
    43403	2021-01-14 16:36:24	1	1	15	0
    43401	2021-01-14 16:36:42	1	1	15	0
    43401	2021-01-14 16:36:44	1	1	15	0
    43302	2021-01-14 16:39:01	1	1	15	0
    43302	2021-01-14 16:39:03	1	1	15	0
    43403	2021-01-15 09:04:56	1	0	15	0
    43401	2021-01-15 09:10:12	1	0	15	0
    43403	2021-01-15 15:56:44	1	1	15	0
    43403	2021-01-15 15:56:45	1	1	15	0
    43401	2021-01-15 15:57:01	1	1	15	0
    43401	2021-01-15 15:57:03	1	1	15	0
    43401	2021-01-16 08:59:39	1	0	15	0
    43403	2021-01-16 09:00:35	1	0	15	0
    43401	2021-01-16 15:57:24	1	0	15	0
    43401	2021-01-16 15:57:37	1	1	15	0
    43401	2021-01-16 15:57:39	1	1	15	0
    43403	2021-01-16 15:58:02	1	1	15	0
    43101	2021-01-17 07:50:22	1	0	15	0
    90285	2021-01-17 07:51:41	1	0	15	0
    90285	2021-01-17 07:51:42	1	0	15	0
    43401	2021-01-17 07:54:02	1	0	15	0
    43404	2021-01-17 07:56:43	1	0	15	0
    43601	2021-01-17 07:57:04	1	0	15	0
    43601	2021-01-17 07:57:05	1	0	15	0
    43403	2021-01-17 07:59:04	1	0	15	0
    43301	2021-01-17 07:59:47	1	0	15	0
    43501	2021-01-17 08:02:05	1	0	15	0
    43402	2021-01-17 08:02:37	1	0	15	0
    90284	2021-01-17 08:09:15	1	0	15	0
    90284	2021-01-17 08:09:16	1	0	15	0
    43501	2021-01-17 16:02:34	1	0	15	0
    43101	2021-01-17 16:02:43	1	0	15	0
    90284	2021-01-17 16:03:41	1	0	15	0
    90284	2021-01-17 16:03:42	1	0	15	0
    90285	2021-01-17 16:04:03	1	0	15	0
    43601	2021-01-17 16:06:20	1	1	15	0
    43401	2021-01-17 16:06:41	1	1	15	0
    43403	2021-01-17 16:11:36	1	1	15	0
    43402	2021-01-17 16:26:14	1	1	15	0
    43402	2021-01-17 16:26:15	1	1	15	0
    43301	2021-01-17 16:31:50	1	1	15	0
    43404	2021-01-17 16:31:56	1	1	15	0
    43404	2021-01-18 07:53:01	1	0	15	0
    90285	2021-01-18 07:53:35	1	0	15	0
    43501	2021-01-18 07:56:50	1	0	15	0
    43401	2021-01-18 07:57:35	1	0	15	0
    43401	2021-01-18 07:57:37	1	0	15	0
    43302	2021-01-18 08:01:20	1	0	15	0
    43402	2021-01-18 08:07:15	1	0	15	0
    90284	2021-01-18 08:08:52	1	0	15	0
    43601	2021-01-18 08:09:00	1	0	15	0
    43301	2021-01-18 08:11:47	1	0	15	0
    43301	2021-01-18 08:11:49	1	0	15	0
    43101	2021-01-18 08:49:50	1	0	15	0
    43301	2021-01-18 09:21:37	1	1	15	0
    43301	2021-01-18 14:12:44	1	0	15	0
    43601	2021-01-18 16:00:47	1	0	15	0
    43501	2021-01-18 16:05:12	1	0	15	0
    43401	2021-01-18 16:06:58	1	1	15	0
    43101	2021-01-18 16:07:42	1	1	15	0
    43402	2021-01-18 16:07:48	1	1	15	0
    90285	2021-01-18 16:10:36	1	1	15	0
    90285	2021-01-18 16:10:38	1	1	15	0
    90284	2021-01-18 16:14:08	1	1	15	0
    90284	2021-01-18 16:14:09	1	1	15	0
    43301	2021-01-18 16:24:57	1	1	15	0
    43302	2021-01-18 16:39:35	1	1	15	0
    43404	2021-01-18 16:40:13	1	1	15	0
    43404	2021-01-18 16:40:15	1	1	15	0
    43101	2021-01-19 07:49:51	1	0	15	0
    43404	2021-01-19 07:55:20	1	0	15	0
    43404	2021-01-19 07:55:22	1	0	15	0
    43302	2021-01-19 07:55:24	1	0	15	0
    43501	2021-01-19 08:02:02	1	0	15	0
    43601	2021-01-19 08:02:10	1	0	15	0
    43601	2021-01-19 08:02:11	1	0	15	0
    90285	2021-01-19 08:02:23	1	0	15	0
    90285	2021-01-19 08:02:25	1	0	15	0
    43402	2021-01-19 08:02:58	1	0	15	0
    43401	2021-01-19 08:03:05	1	0	15	0
    43403	2021-01-19 08:06:16	1	0	15	0
    43301	2021-01-19 08:10:40	1	0	15	0
    90284	2021-01-19 09:53:57	1	0	15	0
    43601	2021-01-19 15:16:03	1	0	15	0
    90285	2021-01-19 16:00:25	1	1	15	0
    90284	2021-01-19 16:00:42	1	1	15	0
    90284	2021-01-19 16:00:43	1	1	15	0
    43101	2021-01-19 16:02:18	1	1	15	0
    43101	2021-01-19 16:02:19	1	1	15	0
    43402	2021-01-19 16:02:47	1	1	15	0
    43401	2021-01-19 16:03:48	1	1	15	0
    43301	2021-01-19 16:05:54	1	1	15	0
    43302	2021-01-19 16:06:01	1	1	15	0
    43601	2021-01-19 16:06:40	1	1	15	0
    43601	2021-01-19 16:06:41	1	1	15	0
    43403	2021-01-19 16:06:52	1	1	15	0
    43404	2021-01-19 16:06:57	1	1	15	0
    43404	2021-01-19 16:06:58	1	1	15	0
    43501	2021-01-19 16:07:05	1	1	15	0
    43501	2021-01-19 16:07:07	1	1	15	0
    90285	2021-01-20 07:56:17	1	0	15	0
    90285	2021-01-20 07:56:19	1	0	15	0
    90284	2021-01-20 07:56:37	1	0	15	0
    43601	2021-01-20 07:59:04	1	0	15	0
    43601	2021-01-20 07:59:06	1	0	15	0
    43404	2021-01-20 07:59:30	1	0	15	0
    43101	2021-01-20 07:59:56	1	0	15	0
    43302	2021-01-20 08:00:05	1	0	15	0
    43403	2021-01-20 08:03:09	1	0	15	0
    43403	2021-01-20 08:03:11	1	0	15	0
    43501	2021-01-20 08:03:43	1	0	15	0
    43402	2021-01-20 08:05:05	1	0	15	0
    43402	2021-01-20 08:05:07	1	0	15	0
    43301	2021-01-20 08:05:23	1	0	15	0
    43601	2021-01-20 08:53:42	1	0	15	0
    43501	2021-01-20 16:02:23	1	0	15	0
    43501	2021-01-20 16:02:25	1	0	15	0
    90284	2021-01-20 16:03:40	1	0	15	0
    90284	2021-01-20 16:03:41	1	0	15	0
    90284	2021-01-20 16:03:55	1	1	15	0
    90284	2021-01-20 16:03:56	1	1	15	0
    90285	2021-01-20 16:04:02	1	1	15	0
    43101	2021-01-20 16:06:20	1	1	15	0
    43601	2021-01-20 16:14:16	1	1	15	0
    43402	2021-01-20 16:50:58	1	1	15	0
    43404	2021-01-20 17:02:46	1	1	15	0
    43403	2021-01-20 17:02:53	1	1	15	0
    43302	2021-01-20 17:04:42	1	1	15	0
    43301	2021-01-20 17:05:03	1	1	15	0
    43404	2021-01-21 07:54:58	1	0	15	0
    43401	2021-01-21 07:55:53	1	0	15	0
    43501	2021-01-21 07:58:52	1	0	15	0
    90285	2021-01-21 07:59:31	1	0	15	0
    43403	2021-01-21 08:03:33	1	0	15	0
    43101	2021-01-21 08:04:42	1	0	15	0
    43402	2021-01-21 08:06:50	1	0	15	0
    43302	2021-01-21 08:06:56	1	0	15	0
    43601	2021-01-21 08:07:45	1	0	15	0
    90284	2021-01-21 08:07:53	1	0	15	0
    43401	2021-01-21 16:04:01	1	0	15	0
    43401	2021-01-21 16:04:04	1	0	15	0
    43501	2021-01-21 16:05:45	1	0	15	0
    90284	2021-01-21 16:07:45	1	1	15	0
    43501	2021-01-21 16:07:59	1	1	15	0
    90285	2021-01-21 16:08:08	1	1	15	0
    43601	2021-01-21 16:08:52	1	1	15	0
    43402	2021-01-21 16:12:11	1	1	15	0
    43402	2021-01-21 16:12:13	1	1	15	0
    43101	2021-01-21 16:12:37	1	1	15	0
    43404	2021-01-21 16:53:37	1	1	15	0
    43302	2021-01-21 16:53:42	1	1	15	0
    43404	2021-01-22 08:55:50	1	0	15	0
    43404	2021-01-22 08:55:52	1	0	15	0
    43401	2021-01-22 08:58:20	1	0	15	0
    43401	2021-01-22 15:58:16	1	1	15	0
    43404	2021-01-22 15:59:31	1	1	15	0
    43404	2021-01-22 16:00:03	1	1	15	0
    43401	2021-01-23 09:01:45	1	0	15	0
    43401	2021-01-23 09:01:47	1	0	15	0
    43404	2021-01-23 09:01:51	1	0	15	0
    43401	2021-01-23 15:59:13	1	1	15	0
    43404	2021-01-23 16:00:22	1	1	15	0
    43404	2021-01-23 16:00:24	1	1	15	0
    43601	2021-01-24 07:51:06	1	0	15	0
    43101	2021-01-24 07:51:15	1	0	15	0
    43401	2021-01-24 07:56:28	1	0	15	0
    43302	2021-01-24 07:59:14	1	0	15	0
    90285	2021-01-24 07:59:22	1	0	15	0
    43301	2021-01-24 07:59:40	1	0	15	0
    43501	2021-01-24 07:59:47	1	0	15	0
    43501	2021-01-24 07:59:49	1	0	15	0
    43402	2021-01-24 08:00:23	1	0	15	0
    90284	2021-01-24 08:02:38	1	0	15	0
    43404	2021-01-24 08:02:58	1	0	15	0
    43403	2021-01-24 08:07:20	1	0	15	0
    23404	2021-01-24 08:41:03	1	0	15	0
    43101	2021-01-24 13:52:03	1	0	15	0
    43101	2021-01-24 13:52:20	1	1	15	0
    43403	2021-01-24 16:01:55	1	1	15	0
    43404	2021-01-24 16:02:02	1	1	15	0
    90285	2021-01-24 16:02:22	1	1	15	0
    43601	2021-01-24 16:04:04	1	1	15	0
    90284	2021-01-24 16:16:40	1	1	15	0
    43402	2021-01-24 16:18:38	1	1	15	0
    43302	2021-01-24 16:30:05	1	1	15	0
    43501	2021-01-24 16:46:45	1	1	15	0
    43401	2021-01-24 16:56:13	1	1	15	0
    43401	2021-01-24 16:56:15	1	1	15	0
    43301	2021-01-24 16:56:43	1	1	15	0
    23404	2021-01-24 16:56:55	1	1	15	0
    23404	2021-01-24 16:56:57	1	1	15	0
    43101	2021-01-25 07:49:08	1	0	15	0
    43101	2021-01-25 07:49:10	1	0	15	0
    43301	2021-01-25 07:49:40	1	0	15	0
    43401	2021-01-25 07:53:43	1	0	15	0
    43601	2021-01-25 07:56:08	1	0	15	0
    43302	2021-01-25 07:59:21	1	0	15	0
    90285	2021-01-25 08:00:39	1	0	15	0
    43403	2021-01-25 08:00:43	1	0	15	0
    43403	2021-01-25 08:00:46	1	0	15	0
    23404	2021-01-25 08:00:55	1	0	15	0
    43402	2021-01-25 08:02:41	1	0	15	0
    43501	2021-01-25 08:03:15	1	0	15	0
    90284	2021-01-25 08:11:03	1	0	15	0
    43302	2021-01-25 09:44:30	1	1	15	0
    43302	2021-01-25 14:32:24	1	0	15	0
    43601	2021-01-25 16:01:18	1	0	15	0
    43101	2021-01-25 16:01:24	1	0	15	0
    43403	2021-01-25 16:01:31	1	0	15	0
    43403	2021-01-25 16:01:33	1	0	15	0
    90284	2021-01-25 16:04:27	1	0	15	0
    90285	2021-01-25 16:04:55	1	1	15	0
    90284	2021-01-25 16:05:09	1	1	15	0
    43402	2021-01-25 16:07:50	1	1	15	0
    43302	2021-01-25 16:53:00	1	1	15	0
    43401	2021-01-25 16:55:46	1	1	15	0
    23404	2021-01-25 16:55:57	1	1	15	0
    43301	2021-01-25 16:56:22	1	1	15	0
    43501	2021-01-25 16:56:51	1	1	15	0
    43401	2021-01-26 07:47:00	1	0	15	0
    43401	2021-01-26 07:47:02	1	0	15	0
    43601	2021-01-26 07:51:44	1	0	15	0
    43601	2021-01-26 07:51:46	1	0	15	0
    43101	2021-01-26 07:55:48	1	0	15	0
    43301	2021-01-26 07:56:05	1	0	15	0
    90285	2021-01-26 07:56:38	1	0	15	0
    23404	2021-01-26 07:58:33	1	0	15	0
    43501	2021-01-26 08:00:42	1	0	15	0
    43402	2021-01-26 08:01:24	1	0	15	0
    43403	2021-01-26 08:02:42	1	0	15	0
    43302	2021-01-26 08:05:47	1	0	15	0
    90284	2021-01-26 08:06:29	1	0	15	0
    90284	2021-01-26 08:06:31	1	0	15	0
    43403	2021-01-26 16:02:57	1	1	15	0
    90285	2021-01-26 16:07:11	1	1	15	0
    90285	2021-01-26 16:07:13	1	1	15	0
    43302	2021-01-26 16:07:26	1	1	15	0
    43101	2021-01-26 16:13:02	1	1	15	0
    90284	2021-01-26 16:15:16	1	1	15	0
    43402	2021-01-26 16:16:13	1	1	15	0
    43601	2021-01-26 16:43:04	1	1	15	0
    43601	2021-01-26 16:43:06	1	1	15	0
    43501	2021-01-26 16:59:31	1	1	15	0
    43401	2021-01-26 16:59:39	1	1	15	0
    43401	2021-01-26 16:59:41	1	1	15	0
    23404	2021-01-26 17:00:15	1	1	15	0
    43301	2021-01-26 17:01:46	1	1	15	0
    43101	2021-01-27 07:57:41	1	0	15	0
    43301	2021-01-27 07:57:48	1	0	15	0
    43501	2021-01-27 07:58:21	1	0	15	0
    43501	2021-01-27 07:58:23	1	0	15	0
    23404	2021-01-27 08:01:27	1	0	15	0
    43302	2021-01-27 08:01:32	1	0	15	0
    43402	2021-01-27 08:01:41	1	0	15	0
    90285	2021-01-27 08:01:48	1	0	15	0
    43404	2021-01-27 08:01:54	1	0	15	0
    43403	2021-01-27 08:01:59	1	0	15	0
    43601	2021-01-27 08:02:52	1	0	15	0
    90284	2021-01-27 08:03:51	1	0	15	0
    43301	2021-01-27 10:45:21	1	1	15	0
    43301	2021-01-27 15:12:46	1	0	15	0
    90285	2021-01-27 16:11:10	1	1	15	0
    90284	2021-01-27 16:14:34	1	1	15	0
    90284	2021-01-27 16:14:36	1	1	15	0
    43101	2021-01-27 16:34:26	1	1	15	0
    43101	2021-01-27 16:34:28	1	1	15	0
    43501	2021-01-27 17:02:23	1	1	15	0
    43302	2021-01-27 17:08:49	1	1	15	0
    43601	2021-01-27 17:19:42	1	1	15	0
    43601	2021-01-27 17:19:44	1	1	15	0
    43403	2021-01-27 17:22:25	1	1	15	0
    43404	2021-01-27 17:31:46	1	1	15	0
    43404	2021-01-27 17:31:48	1	1	15	0
    43402	2021-01-27 17:31:53	1	1	15	0
    43301	2021-01-27 17:32:10	1	1	15	0
    23404	2021-01-27 17:34:23	1	1	15	0
    23404	2021-01-28 08:54:01	1	0	15	0
    43404	2021-01-28 09:00:52	1	0	15	0
    23404	2021-01-28 16:29:12	1	0	15	0
    43404	2021-01-28 16:29:32	1	1	15	0
    43404	2021-01-28 16:29:34	1	1	15	0
    23404	2021-01-28 16:29:37	1	1	15	0
    23404	2021-01-29 09:02:22	1	0	15	0
    43501	2021-01-29 09:02:52	1	0	15	0
    23404	2021-01-29 16:17:02	1	0	15	0
    43501	2021-01-29 16:17:08	1	0	15	0
    43501	2021-01-30 09:03:21	1	0	15	0
    43501	2021-01-30 09:03:23	1	0	15	0
    23404	2021-01-30 09:04:17	1	0	15	0
    43501	2021-01-30 16:18:06	1	0	15	0
    23404	2021-01-30 16:18:32	1	0	15	0
    43101	2021-01-31 07:48:05	1	0	15	0
    90284	2021-01-31 07:55:58	1	0	15	0
    90284	2021-01-31 07:56:00	1	0	15	0
    43401	2021-01-31 07:56:25	1	0	15	0
    43404	2021-01-31 07:56:40	1	0	15	0
    43501	2021-01-31 07:56:58	1	0	15	0
    43402	2021-01-31 07:58:03	1	0	15	0
    43402	2021-01-31 07:58:05	1	0	15	0
    43601	2021-01-31 08:01:53	1	0	15	0
    43601	2021-01-31 08:01:55	1	0	15	0
    43403	2021-01-31 08:02:35	1	0	15	0
    43301	2021-01-31 08:02:57	1	0	15	0
    43302	2021-01-31 08:03:01	1	0	15	0
    23404	2021-01-31 08:47:44	1	0	15	0
    43301	2021-01-31 12:33:17	1	1	15	0
    90284	2021-01-31 16:04:22	1	1	15	0
    90284	2021-01-31 16:04:24	1	1	15	0
    43302	2021-01-31 16:13:18	1	1	15	0
    43101	2021-01-31 16:20:54	1	1	15	0
    43501	2021-01-31 16:26:56	1	1	15	0
    43501	2021-01-31 16:26:58	1	1	15	0
    43301	2021-01-31 16:42:32	1	0	15	0
    43402	2021-01-31 17:02:29	1	1	15	0
    43401	2021-01-31 17:03:40	1	1	15	0
    43401	2021-01-31 17:03:41	1	1	15	0
    43403	2021-01-31 17:03:57	1	1	15	0
    43404	2021-01-31 17:04:05	1	1	15	0
    43404	2021-01-31 17:04:06	1	1	15	0
    43601	2021-01-31 17:05:33	1	1	15	0
    43601	2021-01-31 17:05:34	1	1	15	0
    43301	2021-01-31 17:06:08	1	1	15	0
    23404	2021-01-31 17:06:23	1	1	15	0
    23404	2021-01-31 17:06:24	1	1	15	0
    43403	2021-02-01 07:42:32	1	0	15	0
    43302	2021-02-01 07:57:50	1	0	15	0
    43301	2021-02-01 07:58:30	1	0	15	0
    43404	2021-02-01 07:59:18	1	0	15	0
    43404	2021-02-01 07:59:20	1	0	15	0
    90285	2021-02-01 08:00:46	1	0	15	0
    43401	2021-02-01 08:01:10	1	0	15	0
    43401	2021-02-01 08:01:12	1	0	15	0
    43402	2021-02-01 08:02:01	1	0	15	0
    43101	2021-02-01 08:04:02	1	0	15	0
    90284	2021-02-01 08:07:50	1	0	15	0
    90284	2021-02-01 08:07:52	1	0	15	0
    23404	2021-02-01 08:10:51	1	0	15	0
    43601	2021-02-01 08:13:37	1	0	15	0
    43601	2021-02-01 08:13:39	1	0	15	0
    90284	2021-02-01 16:05:17	1	1	15	0
    90285	2021-02-01 16:05:25	1	1	15	0
    43101	2021-02-01 16:16:20	1	1	15	0
    43301	2021-02-01 16:26:11	1	1	15	0
    23404	2021-02-01 16:35:09	1	1	15	0
    43302	2021-02-01 16:49:11	1	1	15	0
    43401	2021-02-01 17:00:06	1	1	15	0
    43403	2021-02-01 17:01:22	1	1	15	0
    43404	2021-02-01 17:03:30	1	1	15	0
    43404	2021-02-01 17:03:32	1	1	15	0
    43402	2021-02-01 17:04:05	1	1	15	0
    43601	2021-02-01 17:06:40	1	1	15	0
    43601	2021-02-01 17:06:42	1	1	15	0
    43403	2021-02-02 07:50:27	1	0	15	0
    43401	2021-02-02 07:53:19	1	0	15	0
    43302	2021-02-02 07:53:30	1	0	15	0
    90285	2021-02-02 07:54:21	1	0	15	0
    90284	2021-02-02 07:55:07	1	0	15	0
    43101	2021-02-02 07:55:19	1	0	15	0
    43101	2021-02-02 07:55:21	1	0	15	0
    43404	2021-02-02 07:57:11	1	0	15	0
    43404	2021-02-02 07:57:12	1	0	15	0
    43601	2021-02-02 08:01:48	1	0	15	0
    43301	2021-02-02 08:02:47	1	0	15	0
    43402	2021-02-02 08:03:07	1	0	15	0
    90284	2021-02-02 16:04:11	1	1	15	0
    90285	2021-02-02 16:04:21	1	1	15	0
    90285	2021-02-02 16:04:23	1	1	15	0
    43302	2021-02-02 16:07:46	1	1	15	0
    43302	2021-02-02 16:07:47	1	1	15	0
    43101	2021-02-02 16:10:44	1	1	15	0
    43601	2021-02-02 16:23:45	1	1	15	0
    43601	2021-02-02 16:23:47	1	1	15	0
    43402	2021-02-02 16:54:26	1	1	15	0
    43301	2021-02-02 16:59:56	1	1	15	0
    43401	2021-02-02 17:03:54	1	1	15	0
    43403	2021-02-02 17:04:27	1	1	15	0
    43404	2021-02-02 17:04:32	1	1	15	0
    43403	2021-02-03 07:52:22	1	0	15	0
    43401	2021-02-03 07:52:26	1	0	15	0
    43401	2021-02-03 07:52:28	1	0	15	0
    43404	2021-02-03 07:55:01	1	0	15	0
    43404	2021-02-03 07:55:02	1	0	15	0
    43501	2021-02-03 07:55:48	1	0	15	0
    43302	2021-02-03 07:56:34	1	0	15	0
    90285	2021-02-03 07:59:09	1	0	15	0
    90285	2021-02-03 07:59:10	1	0	15	0
    90284	2021-02-03 07:59:51	1	0	15	0
    90284	2021-02-03 07:59:52	1	0	15	0
    43301	2021-02-03 08:01:10	1	0	15	0
    43402	2021-02-03 08:03:13	1	0	15	0
    43601	2021-02-03 08:10:16	1	0	15	0
    43101	2021-02-03 08:37:42	1	0	15	0
    43302	2021-02-03 09:26:35	1	1	15	0
    43302	2021-02-03 14:35:14	1	1	15	0
    43302	2021-02-03 14:35:20	1	0	15	0
    43601	2021-02-03 15:52:35	1	0	15	0
    43501	2021-02-03 16:02:22	1	0	15	0
    43501	2021-02-03 16:02:23	1	0	15	0
    43101	2021-02-03 16:08:14	1	0	15	0
    43402	2021-02-03 17:00:43	1	0	15	0
    43404	2021-02-03 17:03:24	1	1	15	0
    43404	2021-02-03 17:03:26	1	1	15	0
    43401	2021-02-03 17:03:34	1	1	15	0
    43401	2021-02-03 17:03:35	1	1	15	0
    90285	2021-02-03 17:04:08	1	1	15	0
    90285	2021-02-03 17:04:09	1	1	15	0
    43403	2021-02-03 17:04:28	1	1	15	0
    90284	2021-02-03 17:04:45	1	1	15	0
    90284	2021-02-03 17:04:47	1	1	15	0
    43301	2021-02-03 17:04:53	1	1	15	0
    43301	2021-02-03 17:04:55	1	1	15	0
    43403	2021-02-04 07:48:56	1	0	15	0
    43403	2021-02-04 07:48:58	1	0	15	0
    43401	2021-02-04 07:49:47	1	0	15	0
    43302	2021-02-04 07:55:34	1	0	15	0
    43404	2021-02-04 07:57:17	1	0	15	0
    43404	2021-02-04 07:57:19	1	0	15	0
    90285	2021-02-04 07:59:31	1	0	15	0
    90284	2021-02-04 08:00:59	1	0	15	0
    43301	2021-02-04 08:03:00	1	0	15	0
    43601	2021-02-04 08:03:32	1	0	15	0
    43501	2021-02-04 08:04:14	1	0	15	0
    43402	2021-02-04 08:08:15	1	0	15	0
    43101	2021-02-04 08:09:34	1	0	15	0
    43301	2021-02-04 12:20:27	1	1	15	0
    43601	2021-02-04 13:45:42	1	1	15	0
    43601	2021-02-04 13:45:44	1	1	15	0
    43301	2021-02-04 15:35:26	1	0	15	0
    90284	2021-02-04 16:07:09	1	1	15	0
    90285	2021-02-04 16:07:15	1	1	15	0
    43501	2021-02-04 16:11:13	1	1	15	0
    43501	2021-02-04 16:11:14	1	1	15	0
    43101	2021-02-04 16:14:21	1	1	15	0
    43404	2021-02-04 16:17:48	1	1	15	0
    43404	2021-02-04 16:17:50	1	1	15	0
    43401	2021-02-04 16:34:46	1	1	15	0
    43402	2021-02-04 16:35:03	1	1	15	0
    43403	2021-02-04 16:51:34	1	1	15	0
    43302	2021-02-04 16:51:41	1	1	15	0
    43302	2021-02-04 16:51:43	1	1	15	0
    43301	2021-02-04 16:54:41	1	1	15	0
    43404	2021-02-05 09:07:02	1	0	15	0
    43404	2021-02-05 09:07:04	1	0	15	0
    43403	2021-02-05 09:07:12	1	0	15	0
    43403	2021-02-05 16:00:03	1	1	15	0
    43404	2021-02-05 16:00:09	1	1	15	0
    43404	2021-02-05 16:00:11	1	1	15	0
    43403	2021-02-06 08:50:57	1	0	15	0
    43404	2021-02-06 08:57:53	1	0	15	0
    43403	2021-02-06 16:00:26	1	1	15	0
    43404	2021-02-06 16:00:41	1	1	15	0
    43404	2021-02-06 16:00:43	1	1	15	0
    43101	2021-02-07 07:48:15	1	0	15	0
    43301	2021-02-07 07:48:25	1	0	15	0
    43401	2021-02-07 07:49:01	1	0	15	0
    43401	2021-02-07 07:49:03	1	0	15	0
    43404	2021-02-07 07:53:30	1	0	15	0
    43404	2021-02-07 07:53:32	1	0	15	0
    43403	2021-02-07 07:53:40	1	0	15	0
    90285	2021-02-07 07:55:01	1	0	15	0
    43302	2021-02-07 07:55:24	1	0	15	0
    43601	2021-02-07 07:58:23	1	0	15	0
    43601	2021-02-07 07:58:24	1	0	15	0
    43501	2021-02-07 07:59:52	1	0	15	0
    43402	2021-02-07 08:01:59	1	0	15	0
    90284	2021-02-07 08:05:11	1	0	15	0
    43501	2021-02-07 16:04:44	1	0	15	0
    90285	2021-02-07 16:07:32	1	1	15	0
    90284	2021-02-07 16:10:18	1	1	15	0
    43302	2021-02-07 16:11:43	1	1	15	0
    43302	2021-02-07 16:11:45	1	1	15	0
    43401	2021-02-07 16:16:36	1	1	15	0
    43401	2021-02-07 16:16:37	1	1	15	0
    43601	2021-02-07 16:20:54	1	1	15	0
    43101	2021-02-07 16:21:37	1	1	15	0
    43101	2021-02-07 16:21:39	1	1	15	0
    43403	2021-02-07 16:27:04	1	1	15	0
    43402	2021-02-07 16:31:41	1	1	15	0
    43402	2021-02-07 16:31:43	1	1	15	0
    43301	2021-02-07 16:59:43	1	1	15	0
    43404	2021-02-07 17:00:04	1	1	15	0
    43404	2021-02-08 07:45:25	1	0	15	0
    43404	2021-02-08 07:45:28	1	0	15	0
    43401	2021-02-08 07:49:16	1	0	15	0
    43301	2021-02-08 07:50:46	1	0	15	0
    90284	2021-02-08 07:56:23	1	0	15	0
    90284	2021-02-08 07:56:25	1	0	15	0
    90285	2021-02-08 07:58:25	1	0	15	0
    43501	2021-02-08 08:00:27	1	0	15	0
    43601	2021-02-08 08:03:02	1	0	15	0
    43601	2021-02-08 08:03:04	1	0	15	0
    43402	2021-02-08 08:10:14	1	0	15	0
    43301	2021-02-08 09:42:20	1	1	15	0
    43301	2021-02-08 11:49:11	1	0	15	0
    43501	2021-02-08 16:01:32	1	0	15	0
    90284	2021-02-08 16:03:25	1	1	15	0
    90285	2021-02-08 16:03:39	1	1	15	0
    43101	2021-02-08 16:18:31	1	1	15	0
    43601	2021-02-08 16:18:48	1	1	15	0
    43601	2021-02-08 16:18:49	1	1	15	0
    43402	2021-02-08 16:45:27	1	1	15	0
    43404	2021-02-08 17:00:11	1	1	15	0
    43404	2021-02-08 17:00:12	1	1	15	0
    43401	2021-02-08 17:00:37	1	1	15	0
    43301	2021-02-08 17:00:44	1	1	15	0
    43404	2021-02-09 07:50:28	1	0	15	0
    43404	2021-02-09 07:50:31	1	0	15	0
    43404	2021-02-09 07:50:34	1	0	15	0
    90284	2021-02-09 07:52:30	1	0	15	0
    43302	2021-02-09 07:54:08	1	0	15	0
    43301	2021-02-09 07:57:23	1	0	15	0
    43402	2021-02-09 07:59:54	1	0	15	0
    43401	2021-02-09 08:01:45	1	0	15	0
    43401	2021-02-09 08:01:47	1	0	15	0
    90285	2021-02-09 08:02:43	1	0	15	0
    43501	2021-02-09 08:07:06	1	0	15	0
    43501	2021-02-09 08:07:08	1	0	15	0
    43601	2021-02-09 08:08:10	1	0	15	0
    43601	2021-02-09 08:08:11	1	0	15	0
    43601	2021-02-09 16:53:16	1	0	15	0
    43601	2021-02-09 16:53:18	1	0	15	0
    43501	2021-02-09 17:02:02	1	0	15	0
    43402	2021-02-09 17:11:01	1	0	15	0
    43401	2021-02-09 17:13:48	1	1	15	0
    43404	2021-02-09 17:13:54	1	1	15	0
    43404	2021-02-09 17:13:56	1	1	15	0
    90284	2021-02-09 17:15:01	1	1	15	0
    90284	2021-02-09 17:15:03	1	1	15	0
    90285	2021-02-09 17:15:08	1	1	15	0
    43302	2021-02-09 17:20:19	1	1	15	0
    43301	2021-02-09 17:20:40	1	1	15	0
    43401	2021-02-10 07:33:25	1	0	15	0
    43403	2021-02-10 07:49:19	1	0	15	0
    43301	2021-02-10 07:55:27	1	0	15	0
    43501	2021-02-10 08:02:11	1	0	15	0
    43302	2021-02-10 08:02:15	1	0	15	0
    43402	2021-02-10 08:04:29	1	0	15	0
    90285	2021-02-10 08:05:01	1	0	15	0
    43601	2021-02-10 08:10:58	1	0	15	0
    43601	2021-02-10 08:11:00	1	0	15	0
    90284	2021-02-10 08:12:04	1	0	15	0
    90284	2021-02-10 08:12:06	1	0	15	0
    43101	2021-02-10 09:33:55	1	0	15	0
    43302	2021-02-10 09:44:10	1	1	15	0
    43301	2021-02-10 09:45:57	1	1	15	0
    43301	2021-02-10 15:01:20	1	0	15	0
    43302	2021-02-10 15:01:25	1	0	15	0
    43601	2021-02-10 16:02:18	1	0	15	0
    43601	2021-02-10 16:02:19	1	0	15	0
    43101	2021-02-10 16:05:16	1	0	15	0
    90285	2021-02-10 16:08:15	1	1	15	0
    90285	2021-02-10 16:08:17	1	1	15	0
    90284	2021-02-10 16:08:25	1	1	15	0
    90284	2021-02-10 16:08:26	1	1	15	0
    43402	2021-02-10 16:21:11	1	1	15	0
    43501	2021-02-10 16:23:48	1	1	15	0
    43401	2021-02-10 16:28:29	1	1	15	0
    43401	2021-02-10 16:28:31	1	1	15	0
    43302	2021-02-10 16:38:06	1	1	15	0
    43403	2021-02-10 16:56:44	1	1	15	0
    43301	2021-02-10 16:58:21	1	1	15	0
    43101	2021-02-11 07:45:44	1	0	15	0
    43401	2021-02-11 07:46:36	1	0	15	0
    43401	2021-02-11 07:46:38	1	0	15	0
    43403	2021-02-11 07:50:28	1	0	15	0
    90284	2021-02-11 07:56:47	1	0	15	0
    43302	2021-02-11 07:57:47	1	0	15	0
    43301	2021-02-11 07:59:48	1	0	15	0
    43402	2021-02-11 08:02:27	1	0	15	0
    43501	2021-02-11 08:02:40	1	0	15	0
    43601	2021-02-11 08:09:17	1	0	15	0
    43601	2021-02-11 08:09:19	1	0	15	0
    90285	2021-02-11 08:09:26	1	0	15	0
    43301	2021-02-11 12:29:03	1	1	15	0
    43301	2021-02-11 14:52:21	1	0	15	0
    43101	2021-02-11 16:01:36	1	0	15	0
    43101	2021-02-11 16:01:37	1	0	15	0
    43601	2021-02-11 16:04:23	1	0	15	0
    43601	2021-02-11 16:04:25	1	0	15	0
    90284	2021-02-11 16:10:44	1	1	15	0
    90285	2021-02-11 16:10:51	1	1	15	0
    43302	2021-02-11 16:13:06	1	1	15	0
    43501	2021-02-11 16:31:23	1	1	15	0
    43401	2021-02-11 16:44:47	1	1	15	0
    43402	2021-02-11 16:56:11	1	1	15	0
    43403	2021-02-11 16:57:20	1	1	15	0
    43301	2021-02-11 16:58:08	1	1	15	0
    43403	2021-02-12 08:53:29	1	0	15	0
    43404	2021-02-12 08:58:01	1	0	15	0
    43404	2021-02-12 08:58:02	1	0	15	0
    43403	2021-02-12 16:17:21	1	0	15	0
    43404	2021-02-12 16:18:23	1	1	15	0
    43404	2021-02-12 16:18:25	1	1	15	0
    43403	2021-02-12 16:18:38	1	1	15	0
    43403	2021-02-12 16:18:40	1	1	15	0
    43404	2021-02-13 08:50:05	1	0	15	0
    43404	2021-02-13 08:50:06	1	0	15	0
    43403	2021-02-13 08:50:10	1	0	15	0
    43403	2021-02-13 16:16:10	1	0	15	0
    43403	2021-02-13 16:16:11	1	0	15	0
    43404	2021-02-13 16:16:24	1	1	15	0
    43404	2021-02-13 16:16:26	1	1	15	0
    43403	2021-02-13 16:16:30	1	1	15	0
    43404	2021-02-14 07:46:39	1	0	15	0
    43404	2021-02-14 07:46:41	1	0	15	0
    43401	2021-02-14 07:47:07	1	0	15	0
    43101	2021-02-14 07:47:20	1	0	15	0
    43302	2021-02-14 07:53:08	1	0	15	0
    43301	2021-02-14 07:56:11	1	0	15	0
    43403	2021-02-14 07:56:25	1	0	15	0
    43501	2021-02-14 08:03:20	1	0	15	0
    43402	2021-02-14 08:06:45	1	0	15	0
    43402	2021-02-14 08:06:46	1	0	15	0
    90285	2021-02-14 08:07:23	1	0	15	0
    90285	2021-02-14 08:07:25	1	0	15	0
    90284	2021-02-14 08:10:28	1	0	15	0
    90284	2021-02-14 08:10:29	1	0	15	0
    43601	2021-02-14 08:12:34	1	0	15	0
    43501	2021-02-14 16:01:12	1	0	15	0
    43601	2021-02-14 16:03:51	1	0	15	0
    43601	2021-02-14 16:03:53	1	0	15	0
    90285	2021-02-14 16:04:01	1	0	15	0
    90285	2021-02-14 16:04:02	1	0	15	0
    43101	2021-02-14 16:06:34	1	0	15	0
    43101	2021-02-14 16:07:03	1	1	15	0
    43402	2021-02-14 16:07:46	1	1	15	0
    43301	2021-02-14 16:11:30	1	1	15	0
    43401	2021-02-14 16:47:41	1	1	15	0
    43302	2021-02-14 16:47:50	1	1	15	0
    43403	2021-02-14 16:48:05	1	1	15	0
    43404	2021-02-14 16:48:10	1	1	15	0
    43404	2021-02-14 16:48:11	1	1	15	0
    43403	2021-02-15 07:50:31	1	0	15	0
    43401	2021-02-15 07:50:37	1	0	15	0
    43401	2021-02-15 07:50:38	1	0	15	0
    43301	2021-02-15 07:55:51	1	0	15	0
    43101	2021-02-15 07:57:18	1	0	15	0
    43101	2021-02-15 07:57:19	1	0	15	0
    43402	2021-02-15 07:59:42	1	0	15	0
    43302	2021-02-15 08:01:25	1	0	15	0
    90285	2021-02-15 08:02:29	1	0	15	0
    43501	2021-02-15 08:02:51	1	0	15	0
    43601	2021-02-15 08:18:12	1	0	15	0
    43302	2021-02-15 09:48:39	1	1	15	0
    43101	2021-02-15 11:43:46	1	1	15	0
    43302	2021-02-15 13:11:20	1	0	15	0
    43601	2021-02-15 16:03:19	1	0	15	0
    43601	2021-02-15 16:03:21	1	0	15	0
    43601	2021-02-15 16:03:31	1	1	15	0
    43601	2021-02-15 16:03:33	1	1	15	0
    43302	2021-02-15 16:04:00	1	1	15	0
    43501	2021-02-15 16:04:25	1	1	15	0
    43402	2021-02-15 16:05:21	1	1	15	0
    43402	2021-02-15 16:05:22	1	1	15	0
    90285	2021-02-15 16:05:27	1	1	15	0
    90285	2021-02-15 16:05:32	1	1	15	0
    43401	2021-02-15 16:58:11	1	1	15	0
    43401	2021-02-15 16:58:13	1	1	15	0
    43403	2021-02-15 16:58:15	1	1	15	0
    43301	2021-02-15 16:59:15	1	1	15	0
    43401	2021-02-16 07:41:53	1	0	15	0
    43401	2021-02-16 07:41:55	1	0	15	0
    43301	2021-02-16 07:52:13	1	0	15	0
    43101	2021-02-16 07:54:54	1	0	15	0
    43101	2021-02-16 07:54:56	1	0	15	0
    43402	2021-02-16 07:58:57	1	0	15	0
    43601	2021-02-16 07:59:33	1	0	15	0
    43601	2021-02-16 07:59:35	1	0	15	0
    43302	2021-02-16 07:59:39	1	0	15	0
    90285	2021-02-16 08:06:35	1	0	15	0
    43501	2021-02-16 08:07:12	1	0	15	0
    43301	2021-02-16 16:05:29	1	1	15	0
    90285	2021-02-16 16:06:03	1	1	15	0
    43402	2021-02-16 16:06:20	1	1	15	0
    43601	2021-02-16 16:06:31	1	1	15	0
    43601	2021-02-16 16:06:33	1	1	15	0
    43101	2021-02-16 16:08:43	1	1	15	0
    43101	2021-02-16 16:08:45	1	1	15	0
    43501	2021-02-16 16:23:01	1	1	15	0
    43302	2021-02-16 16:59:01	1	1	15	0
    43401	2021-02-16 16:59:08	1	1	15	0
    43401	2021-02-16 16:59:10	1	1	15	0
    43401	2021-02-17 07:41:29	1	0	15	0
    43401	2021-02-17 07:41:30	1	0	15	0
    43404	2021-02-17 07:49:55	1	0	15	0
    43404	2021-02-17 07:49:57	1	0	15	0
    43301	2021-02-17 07:55:13	1	0	15	0
    90285	2021-02-17 07:55:24	1	0	15	0
    43402	2021-02-17 07:55:55	1	0	15	0
    43402	2021-02-17 07:55:56	1	0	15	0
    43501	2021-02-17 07:56:03	1	0	15	0
    43101	2021-02-17 07:56:47	1	0	15	0
    43601	2021-02-17 08:02:36	1	0	15	0
    43601	2021-02-17 08:02:38	1	0	15	0
    43302	2021-02-17 08:05:35	1	0	15	0
    43501	2021-02-17 16:08:07	1	4	15	0
    43101	2021-02-17 16:11:04	1	4	15	0
    43101	2021-02-17 16:11:06	1	4	15	0
    43301	2021-02-17 16:13:17	1	1	15	0
    43402	2021-02-17 16:14:40	1	1	15	0
    43401	2021-02-17 16:14:48	1	1	15	0
    43601	2021-02-17 16:16:53	1	1	15	0
    90285	2021-02-17 16:20:06	1	1	15	0
    43302	2021-02-17 17:01:35	1	1	15	0
    43404	2021-02-17 17:03:24	1	1	15	0
    43404	2021-02-17 17:03:25	1	1	15	0
    43404	2021-02-18 07:48:17	1	0	15	0
    43404	2021-02-18 07:48:20	1	0	15	0
    43401	2021-02-18 07:48:30	1	0	15	0
    43501	2021-02-18 07:48:41	1	0	15	0
    90285	2021-02-18 07:51:58	1	0	15	0
    43301	2021-02-18 07:52:11	1	0	15	0
    43302	2021-02-18 07:53:08	1	0	15	0
    43403	2021-02-18 07:58:57	1	0	15	0
    43402	2021-02-18 08:02:06	1	0	15	0
    43302	2021-02-18 16:02:09	1	1	15	0
    43401	2021-02-18 16:26:40	1	1	15	0
    43501	2021-02-18 16:32:42	1	1	15	0
    43402	2021-02-18 16:37:15	1	1	15	0
    90285	2021-02-18 16:37:29	1	1	15	0
    43403	2021-02-18 17:10:43	1	1	15	0
    43301	2021-02-18 17:10:49	1	1	15	0
    43404	2021-02-18 17:10:56	1	1	15	0
    43404	2021-02-18 17:10:58	1	1	15	0
    43403	2021-02-19 08:51:06	1	0	15	0
    43302	2021-02-19 08:56:40	1	0	15	0
    43302	2021-02-19 16:00:08	1	1	15	0
    43302	2021-02-19 16:00:10	1	1	15	0
    43403	2021-02-19 16:00:13	1	1	15	0
    43404	2021-02-20 08:50:34	1	0	15	0
    43404	2021-02-20 08:50:37	1	0	15	0
    43404	2021-02-20 16:03:23	1	1	15	0
    43404	2021-02-20 16:03:25	1	1	15	0
    43404	2021-02-21 07:52:12	1	0	15	0
    43404	2021-02-21 07:52:14	1	0	15	0
    43402	2021-02-21 07:56:20	1	0	15	0
    43401	2021-02-21 07:57:13	1	0	15	0
    43403	2021-02-21 07:57:22	1	0	15	0
    43501	2021-02-21 07:57:52	1	0	15	0
    43302	2021-02-21 07:58:11	1	0	15	0
    90285	2021-02-21 08:02:01	1	0	15	0
    43301	2021-02-21 08:07:10	1	0	15	0
